object={
	name="tree_leaf_high_generator_3_0"
	render_pass=Map
	clamp_to_water_level=no
	generated_content=yes
	layer="tree_high_layer"
	pdxmesh="tree_leaf_01_c_mesh"
	count=318
	transform="508.200287 0.000000 473.951721 0.000000 0.298649 0.000000 0.954363 0.676967 0.676967 0.676967
500.042450 0.000000 478.742126 0.000000 0.368337 0.000000 -0.929692 0.813588 0.813588 0.813588
502.700897 0.000000 474.002289 0.000000 0.152942 0.000000 0.988235 0.770279 0.770279 0.770279
510.108643 0.000000 469.680176 0.000000 0.998863 0.000000 0.047679 0.796513 0.796513 0.796513
505.061707 0.000000 477.970154 0.000000 0.256394 0.000000 -0.966572 0.877796 0.877796 0.877796
506.217316 0.000000 470.934845 0.000000 0.668675 0.000000 -0.743555 0.847721 0.847721 0.847721
505.468536 0.000000 475.057190 0.000000 0.629472 0.000000 0.777023 0.756809 0.756809 0.756809
507.707397 0.000000 476.649384 0.000000 0.444018 0.000000 -0.896018 0.898496 0.898496 0.898496
504.020020 0.000000 490.733459 0.000000 0.282179 0.000000 -0.959362 0.830021 0.830021 0.830021
507.406921 0.000000 480.141815 0.000000 0.801555 0.000000 -0.597921 0.864130 0.864130 0.864130
501.374023 0.000000 483.736420 0.000000 0.944737 0.000000 -0.327828 0.807405 0.807405 0.807405
509.085388 0.000000 486.527283 0.000000 0.240150 0.000000 -0.970736 0.934501 0.934501 0.934501
504.760193 0.000000 486.503448 0.000000 0.647536 0.000000 0.762034 0.741336 0.741336 0.741336
503.656006 0.000000 480.477753 0.000000 0.986434 0.000000 -0.164159 0.807509 0.807509 0.807509
506.322632 0.000000 483.414764 0.000000 0.772768 0.000000 0.634688 0.723781 0.723781 0.723781
601.705627 0.000000 402.224518 0.000000 0.997277 0.000000 0.073751 0.798585 0.798585 0.798585
597.350586 0.000000 387.783295 0.000000 0.708384 0.000000 -0.705828 0.836621 0.836621 0.836621
592.753479 0.000000 394.264771 0.000000 0.842692 0.000000 -0.538396 0.847350 0.847350 0.847350
605.061951 0.000000 390.574158 0.000000 0.963455 0.000000 -0.267870 0.810886 0.810886 0.810886
594.532532 0.000000 400.372864 0.000000 0.957136 0.000000 0.289638 0.784682 0.784682 0.784682
605.491272 0.000000 397.104767 0.000000 0.816310 0.000000 -0.577614 0.824352 0.824352 0.824352
606.131897 0.000000 414.165497 0.000000 0.516476 0.000000 -0.856302 0.824639 0.824639 0.824639
600.736755 0.000000 390.550323 0.000000 0.321948 0.000000 -0.946757 0.913206 0.913206 0.913206
596.628967 0.000000 392.015259 0.000000 0.828593 0.000000 0.559852 0.723453 0.723453 0.723453
598.926575 0.000000 398.951111 0.000000 0.962989 0.000000 -0.269541 0.823547 0.823547 0.823547
591.325989 0.000000 397.937805 0.000000 0.557058 0.000000 0.830474 0.752440 0.752440 0.752440
593.619995 0.000000 389.382111 0.000000 0.015789 0.000000 -0.999875 0.868947 0.868947 0.868947
595.822205 0.000000 396.600220 0.000000 0.159148 0.000000 -0.987255 0.943720 0.943720 0.943720
590.245544 0.000000 391.464691 0.000000 0.303487 0.000000 0.952836 0.753858 0.753858 0.753858
603.542725 0.000000 394.073914 0.000000 0.091300 0.000000 -0.995823 0.915232 0.915232 0.915232
602.616760 0.000000 398.919373 0.000000 0.112500 0.000000 0.993652 0.725742 0.725742 0.725742
602.082947 0.000000 396.359650 0.000000 0.731157 0.000000 -0.682209 0.850383 0.850383 0.850383
599.784058 0.000000 388.247009 0.000000 0.994432 0.000000 -0.105381 0.808224 0.808224 0.808224
618.333252 0.000000 413.328430 0.000000 0.095062 0.000000 0.995471 0.725733 0.725733 0.725733
610.632446 0.000000 413.083344 0.000000 0.809923 0.000000 0.586537 0.766201 0.766201 0.766201
614.564758 0.000000 412.029541 0.000000 0.120955 0.000000 -0.992658 0.905092 0.905092 0.905092
613.032104 0.000000 414.653992 0.000000 0.993665 0.000000 0.112381 0.789204 0.789204 0.789204
616.039001 0.000000 414.873779 0.000000 0.946955 0.000000 0.321365 0.769811 0.769811 0.769811
610.642456 0.000000 415.771729 0.000000 0.326517 0.000000 -0.945191 0.894961 0.894961 0.894961
599.996582 0.000000 426.764709 0.000000 0.995775 0.000000 0.091829 0.794545 0.794545 0.794545
587.344604 0.000000 431.508118 0.000000 0.675644 0.000000 0.737228 0.752815 0.752815 0.752815
590.042847 0.000000 419.626740 0.000000 0.882183 0.000000 0.470907 0.794418 0.794418 0.794418
584.393616 0.000000 424.502258 0.000000 0.155970 0.000000 0.987762 0.761870 0.761870 0.761870
592.753479 0.000000 426.249146 0.000000 0.155286 0.000000 -0.987870 0.982267 0.982267 0.982267
594.532532 0.000000 432.357239 0.000000 0.574589 0.000000 -0.818442 0.871228 0.871228 0.871228
588.367310 0.000000 426.959106 0.000000 0.997734 0.000000 -0.067286 0.806375 0.806375 0.806375
596.628967 0.000000 423.999634 0.000000 0.046361 0.000000 0.998925 0.723275 0.723275 0.723275
598.926575 0.000000 430.935486 0.000000 0.097199 0.000000 0.995265 0.722310 0.722310 0.722310
591.325989 0.000000 429.922180 0.000000 0.835866 0.000000 -0.548933 0.871723 0.871723 0.871723
593.619995 0.000000 421.366486 0.000000 0.975290 0.000000 0.220930 0.790657 0.790657 0.790657
595.822205 0.000000 428.584595 0.000000 0.247214 0.000000 0.968961 0.642491 0.642491 0.642491
590.245544 0.000000 423.449066 0.000000 0.965646 0.000000 0.259861 0.781886 0.781886 0.781886
591.215027 0.000000 433.696167 0.000000 0.812749 0.000000 0.582613 0.753792 0.753792 0.753792
595.779907 0.000000 435.511017 0.000000 0.730048 0.000000 0.683396 0.765287 0.765287 0.765287
586.611206 0.000000 428.924744 0.000000 0.974543 0.000000 0.224203 0.784961 0.784961 0.784961
597.461670 0.000000 426.682922 0.000000 0.882078 0.000000 -0.471104 0.843500 0.843500 0.843500
608.603088 0.000000 423.721832 0.000000 0.982345 0.000000 -0.187076 0.806991 0.806991 0.806991
622.035034 0.000000 419.626740 0.000000 0.284850 0.000000 -0.958572 0.833797 0.833797 0.833797
613.543884 0.000000 416.188446 0.000000 0.987292 0.000000 -0.158915 0.818933 0.818933 0.818933
616.385803 0.000000 424.502258 0.000000 0.909464 0.000000 0.415784 0.782015 0.782015 0.782015
608.040344 0.000000 417.441345 0.000000 0.965760 0.000000 -0.259436 0.816353 0.816353 0.816353
612.690857 0.000000 420.916870 0.000000 0.605032 0.000000 -0.796202 0.891604 0.891604 0.891604
618.639343 0.000000 415.972046 0.000000 0.913230 0.000000 0.407444 0.770078 0.770078 0.770078
617.671753 0.000000 420.306061 0.000000 0.634392 0.000000 -0.773011 0.884706 0.884706 0.884706
612.254028 0.000000 425.957245 0.000000 0.781554 0.000000 -0.623838 0.829465 0.829465 0.829465
609.012695 0.000000 420.525146 0.000000 0.555325 0.000000 -0.831634 0.852957 0.852957 0.852957
619.215820 0.000000 422.953613 0.000000 0.615013 0.000000 0.788517 0.751014 0.751014 0.751014
611.247681 0.000000 418.138367 0.000000 0.875688 0.000000 -0.482877 0.846801 0.846801 0.846801
613.781921 0.000000 423.507965 0.000000 0.967761 0.000000 0.251871 0.781541 0.781541 0.781541
619.592712 0.000000 418.446075 0.000000 0.191581 0.000000 0.981477 0.681103 0.681103 0.681103
522.356689 0.000000 477.297180 0.000000 0.495318 0.000000 0.868711 0.798108 0.798108 0.798108
512.863342 0.000000 469.281189 0.000000 0.971704 0.000000 -0.236203 0.818145 0.818145 0.818145
514.655884 0.000000 477.052094 0.000000 0.285301 0.000000 0.958438 0.675613 0.675613 0.675613
520.094543 0.000000 470.454315 0.000000 0.986596 0.000000 -0.163179 0.802553 0.802553 0.802553
517.560852 0.000000 466.680023 0.000000 0.103291 0.000000 -0.994651 0.838684 0.838684 0.838684
516.155396 0.000000 472.708984 0.000000 0.700058 0.000000 -0.714086 0.865285 0.865285 0.865285
518.588196 0.000000 475.998291 0.000000 0.049169 0.000000 0.998790 0.720682 0.720682 0.720682
516.003296 0.000000 469.521698 0.000000 0.879036 0.000000 -0.476756 0.825012 0.825012 0.825012
517.055542 0.000000 478.622742 0.000000 0.014081 0.000000 -0.999901 0.893274 0.893274 0.893274
514.665894 0.000000 479.740479 0.000000 0.361560 0.000000 -0.932349 0.907928 0.907928 0.907928
512.626526 0.000000 487.690582 0.000000 0.007652 0.000000 -0.999971 0.925503 0.925503 0.925503
517.567322 0.000000 480.157196 0.000000 0.914256 0.000000 -0.405137 0.821494 0.821494 0.821494
512.063782 0.000000 481.410095 0.000000 0.785491 0.000000 -0.618874 0.873569 0.873569 0.873569
516.714294 0.000000 484.885620 0.000000 0.023202 0.000000 0.999731 0.739727 0.739727 0.739727
513.036133 0.000000 484.493896 0.000000 0.966793 0.000000 -0.255562 0.824775 0.824775 0.824775
515.271118 0.000000 482.107117 0.000000 0.999028 0.000000 -0.044073 0.803302 0.803302 0.803302
1020.075317 0.000000 473.951721 0.000000 0.410957 0.000000 0.911655 0.681763 0.681763 0.681763
1010.357422 0.000000 470.734070 0.000000 0.996366 0.000000 -0.085179 0.800818 0.800818 0.800818
1017.604065 0.000000 466.193268 0.000000 0.477532 0.000000 0.878614 0.787785 0.787785 0.787785
1011.917480 0.000000 478.742126 0.000000 0.698954 0.000000 0.715167 0.776605 0.776605 0.776605
1014.575928 0.000000 474.002289 0.000000 0.070067 0.000000 -0.997542 0.932177 0.932177 0.932177
1021.983643 0.000000 469.680176 0.000000 0.822518 0.000000 0.568739 0.773901 0.773901 0.773901
1016.936707 0.000000 477.970154 0.000000 0.769935 0.000000 -0.638122 0.881274 0.881274 0.881274
1014.700806 0.000000 469.425781 0.000000 0.943887 0.000000 0.330268 0.790521 0.790521 0.790521
1018.092285 0.000000 470.934845 0.000000 0.432350 0.000000 -0.901706 0.885508 0.885508 0.885508
1014.229614 0.000000 476.884979 0.000000 0.916352 0.000000 0.400373 0.763225 0.763225 0.763225
1015.895020 0.000000 490.733459 0.000000 0.930499 0.000000 -0.366294 0.821572 0.821572 0.821572
1019.281921 0.000000 480.141815 0.000000 0.530272 0.000000 0.847828 0.675105 0.675105 0.675105
1013.249023 0.000000 483.736420 0.000000 0.993433 0.000000 -0.114417 0.809962 0.809962 0.809962
1020.960388 0.000000 486.527283 0.000000 0.984084 0.000000 0.177706 0.778163 0.778163 0.778163
1021.389709 0.000000 493.057892 0.000000 0.997935 0.000000 -0.064234 0.803081 0.803081 0.803081
1009.505005 0.000000 480.045013 0.000000 0.482195 0.000000 -0.876064 0.822389 0.822389 0.822389
1016.635193 0.000000 486.503448 0.000000 0.921781 0.000000 0.387712 0.752765 0.752765 0.752765
1012.527405 0.000000 487.968384 0.000000 0.713410 0.000000 0.700746 0.731612 0.731612 0.731612
1009.518433 0.000000 485.335236 0.000000 0.138356 0.000000 0.990383 0.749377 0.749377 0.749377
1015.531006 0.000000 480.477753 0.000000 0.671730 0.000000 0.740796 0.729519 0.729519 0.729519
1019.441162 0.000000 490.027039 0.000000 0.610213 0.000000 -0.792238 0.859724 0.859724 0.859724
1021.587097 0.000000 482.953949 0.000000 0.348916 0.000000 0.937154 0.649382 0.649382 0.649382
1018.197632 0.000000 483.414764 0.000000 0.996103 0.000000 -0.088200 0.810319 0.810319 0.810319
1022.469604 0.000000 490.173706 0.000000 0.152918 0.000000 0.988239 0.685359 0.685359 0.685359
1012.474060 0.000000 480.799255 0.000000 0.916978 0.000000 0.398938 0.771970 0.771970 0.771970
1010.470459 0.000000 482.635345 0.000000 0.756314 0.000000 0.654209 0.757271 0.757271 0.757271
938.255127 0.000000 541.265930 0.000000 0.604798 0.000000 0.796379 0.789512 0.789512 0.789512
951.910645 0.000000 522.717834 0.000000 0.387942 0.000000 -0.921684 0.820372 0.820372 0.820372
956.090942 0.000000 537.920471 0.000000 0.987124 0.000000 -0.159958 0.817615 0.817615 0.817615
946.373047 0.000000 534.702820 0.000000 0.343948 0.000000 0.938989 0.696958 0.696958 0.696958
953.619690 0.000000 530.161987 0.000000 0.019235 0.000000 0.999815 0.636382 0.636382 0.636382
947.933105 0.000000 542.710876 0.000000 0.514802 0.000000 0.857309 0.670397 0.670397 0.670397
956.976013 0.000000 518.511658 0.000000 0.795705 0.000000 -0.605685 0.813254 0.813254 0.813254
946.446594 0.000000 528.310364 0.000000 0.996552 0.000000 -0.082971 0.802339 0.802339 0.802339
957.405334 0.000000 525.042297 0.000000 0.989300 0.000000 -0.145894 0.815353 0.815353 0.815353
943.428528 0.000000 539.709961 0.000000 0.977093 0.000000 0.212814 0.787279 0.787279 0.787279
950.591553 0.000000 537.971008 0.000000 0.576344 0.000000 -0.817207 0.923798 0.923798 0.923798
958.045959 0.000000 542.102966 0.000000 0.400607 0.000000 -0.916250 0.830545 0.830545 0.830545
957.999268 0.000000 533.648926 0.000000 0.989734 0.000000 -0.142921 0.817873 0.817873 0.817873
952.952332 0.000000 541.938904 0.000000 0.877645 0.000000 -0.479311 0.842830 0.842830 0.842830
950.716431 0.000000 533.394531 0.000000 0.938591 0.000000 0.345031 0.760319 0.760319 0.760319
950.840637 0.000000 526.888611 0.000000 0.673329 0.000000 -0.739343 0.841880 0.841880 0.841880
958.405396 0.000000 529.820801 0.000000 0.366962 0.000000 -0.930236 0.948221 0.948221 0.948221
955.456787 0.000000 522.011414 0.000000 0.912306 0.000000 -0.409509 0.826797 0.826797 0.826797
942.025513 0.000000 543.227112 0.000000 0.398581 0.000000 0.917133 0.718622 0.718622 0.718622
943.120667 0.000000 536.077332 0.000000 0.944948 0.000000 0.327220 0.783022 0.783022 0.783022
947.693970 0.000000 531.464172 0.000000 0.665592 0.000000 -0.746316 0.844423 0.844423 0.844423
954.530823 0.000000 526.856873 0.000000 0.075505 0.000000 -0.997145 0.944239 0.944239 0.944239
947.246460 0.000000 537.937622 0.000000 0.828987 0.000000 -0.559269 0.862943 0.862943 0.862943
950.379761 0.000000 529.939636 0.000000 0.367703 0.000000 0.929943 0.719857 0.719857 0.719857
958.485229 0.000000 522.158081 0.000000 0.985011 0.000000 0.172494 0.785665 0.785665 0.785665
953.359131 0.000000 539.025940 0.000000 0.263773 0.000000 -0.964585 0.942967 0.942967 0.942967
958.853943 0.000000 537.286621 0.000000 0.760112 0.000000 0.649792 0.742787 0.742787 0.742787
944.898315 0.000000 542.317139 0.000000 0.414704 0.000000 -0.909956 0.912333 0.912333 0.912333
955.598022 0.000000 540.618164 0.000000 0.358837 0.000000 -0.933400 0.895207 0.895207 0.895207
959.449585 0.000000 539.777954 0.000000 0.617497 0.000000 -0.786573 0.862918 0.862918 0.862918
951.910645 0.000000 554.702209 0.000000 0.959092 0.000000 -0.283094 0.803096 0.803096 0.803096
941.956909 0.000000 547.564209 0.000000 0.524752 0.000000 0.851255 0.759118 0.759118 0.759118
955.297546 0.000000 544.110596 0.000000 0.107407 0.000000 -0.994215 0.873643 0.873643 0.873643
945.520630 0.000000 544.013794 0.000000 0.462575 0.000000 -0.886580 0.913628 0.913628 0.913628
952.650818 0.000000 550.472229 0.000000 0.599268 0.000000 0.800548 0.754395 0.754395 0.754395
948.543030 0.000000 551.937134 0.000000 0.540534 0.000000 -0.841322 0.876673 0.876673 0.876673
945.534058 0.000000 549.304016 0.000000 0.999334 0.000000 -0.036501 0.803084 0.803084 0.803084
942.159607 0.000000 551.386597 0.000000 0.754974 0.000000 -0.655754 0.829568 0.829568 0.829568
951.546631 0.000000 544.446533 0.000000 0.994355 0.000000 -0.106101 0.811592 0.811592 0.811592
954.213257 0.000000 547.383545 0.000000 0.994867 0.000000 -0.101189 0.805102 0.805102 0.805102
942.525574 0.000000 544.594238 0.000000 0.931816 0.000000 0.362931 0.772183 0.772183 0.772183
960.517151 0.000000 519.674988 0.000000 0.999898 0.000000 0.014290 0.799743 0.799743 0.799743
960.753967 0.000000 533.249939 0.000000 0.319966 0.000000 -0.947429 0.894000 0.894000 0.894000
979.925293 0.000000 542.710876 0.000000 0.187534 0.000000 -0.982258 0.853001 0.853001 0.853001
963.848999 0.000000 526.407715 0.000000 0.966104 0.000000 -0.258154 0.822216 0.822216 0.822216
984.944519 0.000000 541.938904 0.000000 0.815583 0.000000 0.578641 0.786320 0.786320 0.786320
965.451477 0.000000 530.648743 0.000000 0.610474 0.000000 -0.792036 0.837793 0.837793 0.837793
959.881470 0.000000 524.185181 0.000000 0.493388 0.000000 -0.869810 0.917555 0.917555 0.917555
960.123108 0.000000 528.827881 0.000000 0.892304 0.000000 0.451436 0.749485 0.749485 0.749485
960.016663 0.000000 537.301819 0.000000 0.479040 0.000000 -0.877793 0.856483 0.856483 0.856483
963.893921 0.000000 533.490417 0.000000 0.820969 0.000000 -0.570972 0.830221 0.830221 0.830221
962.392151 0.000000 530.760803 0.000000 0.125870 0.000000 -0.992047 0.896077 0.896077 0.896077
983.902832 0.000000 554.702209 0.000000 0.623949 0.000000 0.781465 0.719380 0.719380 0.719380
988.083130 0.000000 569.904846 0.000000 0.966718 0.000000 0.255844 0.798295 0.798295 0.798295
973.949097 0.000000 547.564209 0.000000 0.992803 0.000000 -0.119763 0.800647 0.800647 0.800647
987.289734 0.000000 544.110596 0.000000 0.397332 0.000000 0.917675 0.728276 0.728276 0.728276
985.611877 0.000000 562.146362 0.000000 0.362654 0.000000 -0.931924 0.817252 0.817252 0.817252
981.256836 0.000000 547.705139 0.000000 0.988868 0.000000 0.148797 0.784429 0.784429 0.784429
976.659729 0.000000 554.186646 0.000000 0.689609 0.000000 0.724182 0.779135 0.779135 0.779135
988.968201 0.000000 550.496033 0.000000 0.944427 0.000000 0.328722 0.763474 0.763474 0.763474
989.397522 0.000000 557.026672 0.000000 0.180231 0.000000 -0.983624 0.966519 0.966519 0.966519
977.512817 0.000000 544.013794 0.000000 0.911770 0.000000 0.410700 0.783264 0.783264 0.783264
989.991455 0.000000 565.633301 0.000000 0.236593 0.000000 0.971609 0.752116 0.752116 0.752116
980.535217 0.000000 551.937134 0.000000 0.247331 0.000000 0.968931 0.654377 0.654377 0.654377
982.832825 0.000000 558.872986 0.000000 0.251112 0.000000 0.967958 0.746342 0.746342 0.746342
977.526245 0.000000 549.304016 0.000000 0.322635 0.000000 -0.946524 0.874434 0.874434 0.874434
990.397583 0.000000 561.805176 0.000000 0.974819 0.000000 0.222996 0.777902 0.777902 0.777902
983.538818 0.000000 544.446533 0.000000 0.635054 0.000000 0.772468 0.724367 0.724367 0.724367
989.594910 0.000000 546.922668 0.000000 0.899775 0.000000 -0.436353 0.827867 0.827867 0.827867
986.205444 0.000000 547.383545 0.000000 0.742387 0.000000 0.669971 0.738855 0.738855 0.738855
986.523010 0.000000 558.841248 0.000000 0.078676 0.000000 0.996900 0.681100 0.681100 0.681100
980.481873 0.000000 544.768005 0.000000 0.774734 0.000000 -0.632288 0.854138 0.854138 0.854138
988.110046 0.000000 563.527100 0.000000 0.696496 0.000000 0.717561 0.754446 0.754446 0.754446
978.478271 0.000000 546.604126 0.000000 0.982899 0.000000 -0.184148 0.814981 0.814981 0.814981
985.989197 0.000000 556.281555 0.000000 0.506804 0.000000 0.862061 0.713440 0.713440 0.713440
981.367920 0.000000 554.620422 0.000000 0.708592 0.000000 0.705619 0.746966 0.746966 0.746966
1002.239502 0.000000 573.250305 0.000000 0.583381 0.000000 -0.812199 0.912456 0.912456 0.912456
992.509338 0.000000 551.659363 0.000000 0.691216 0.000000 -0.722648 0.857101 0.857101 0.857101
1003.243042 0.000000 559.445618 0.000000 0.806454 0.000000 0.591296 0.772707 0.772707 0.772707
992.746155 0.000000 565.234314 0.000000 0.227407 0.000000 0.973800 0.692302 0.692302 0.692302
994.538696 0.000000 573.005188 0.000000 0.238486 0.000000 -0.971146 0.913159 0.913159 0.913159
1011.917480 0.000000 574.695251 0.000000 0.770810 0.000000 -0.637065 0.808691 0.808691 0.808691
1000.292053 0.000000 552.439758 0.000000 0.877812 0.000000 -0.479005 0.805088 0.805088 0.805088
999.977356 0.000000 566.407471 0.000000 0.989836 0.000000 0.142216 0.781959 0.781959 0.781959
991.946594 0.000000 545.378845 0.000000 0.981577 0.000000 0.191066 0.796314 0.796314 0.796314
1005.240784 0.000000 564.631470 0.000000 0.357954 0.000000 0.933739 0.726373 0.726373 0.726373
1007.412903 0.000000 571.694336 0.000000 0.192439 0.000000 0.981309 0.729037 0.729037 0.729037
996.038208 0.000000 568.662109 0.000000 0.935094 0.000000 -0.354399 0.840157 0.840157 0.840157
992.115295 0.000000 560.812256 0.000000 0.669089 0.000000 0.743183 0.698597 0.698597 0.698597
1003.591675 0.000000 568.935730 0.000000 0.484208 0.000000 0.874953 0.688294 0.688294 0.688294
999.859863 0.000000 557.023926 0.000000 0.891978 0.000000 0.452079 0.765710 0.765710 0.765710
996.160278 0.000000 553.894775 0.000000 0.999056 0.000000 0.043447 0.797760 0.797760 0.797760
992.008850 0.000000 569.286194 0.000000 0.917547 0.000000 -0.397626 0.823767 0.823767 0.823767
1001.569275 0.000000 562.838745 0.000000 0.794407 0.000000 0.607386 0.733510 0.733510 0.733510
1006.009888 0.000000 575.211487 0.000000 0.817257 0.000000 0.576274 0.756209 0.756209 0.756209
1007.105042 0.000000 568.061707 0.000000 0.100665 0.000000 -0.994920 0.866938 0.866938 0.866938
992.918945 0.000000 548.462646 0.000000 0.622335 0.000000 0.782751 0.756904 0.756904 0.756904
999.548584 0.000000 560.203979 0.000000 0.984630 0.000000 -0.174656 0.818829 0.818829 0.818829
995.886108 0.000000 565.474792 0.000000 0.638712 0.000000 0.769446 0.706362 0.706362 0.706362
996.938354 0.000000 574.575867 0.000000 0.696208 0.000000 0.717840 0.725158 0.725158 0.725158
1004.608337 0.000000 571.623413 0.000000 0.975467 0.000000 -0.220146 0.817023 0.817023 0.817023
994.548706 0.000000 575.693604 0.000000 0.697489 0.000000 0.716596 0.744951 0.744951 0.744951
992.509338 0.000000 583.643738 0.000000 0.509457 0.000000 -0.860496 0.801863 0.801863 0.801863
1005.941284 0.000000 579.548584 0.000000 0.785349 0.000000 -0.619053 0.855596 0.855596 0.855596
997.450134 0.000000 576.110291 0.000000 0.973096 0.000000 -0.230402 0.821174 0.821174 0.821174
1000.292053 0.000000 584.424133 0.000000 0.811456 0.000000 0.584413 0.789903 0.789903 0.789903
1009.505005 0.000000 575.998169 0.000000 0.367104 0.000000 0.930180 0.750599 0.750599 0.750599
996.597107 0.000000 580.838745 0.000000 0.884277 0.000000 0.466962 0.772636 0.772636 0.772636
1002.545593 0.000000 575.893921 0.000000 0.830171 0.000000 0.557509 0.724171 0.724171 0.724171
1001.578003 0.000000 580.227905 0.000000 0.887603 0.000000 0.460608 0.763288 0.763288 0.763288
1006.509949 0.000000 576.578613 0.000000 0.987005 0.000000 -0.160692 0.811411 0.811411 0.811411
995.153931 0.000000 578.060242 0.000000 0.112145 0.000000 -0.993692 0.876024 0.876024 0.876024
999.128784 0.000000 581.298462 0.000000 0.996630 0.000000 0.082032 0.794144 0.794144 0.794144
1052.067505 0.000000 473.951721 0.000000 0.046750 0.000000 0.998907 0.641111 0.641111 0.641111
1024.738403 0.000000 469.281189 0.000000 0.772872 0.000000 -0.634562 0.817300 0.817300 0.817300
1042.349609 0.000000 470.734070 0.000000 0.605853 0.000000 0.795577 0.729445 0.729445 0.729445
1049.596313 0.000000 466.193268 0.000000 0.648946 0.000000 0.760835 0.771508 0.771508 0.771508
1043.909668 0.000000 478.742126 0.000000 0.997923 0.000000 0.064414 0.790151 0.790151 0.790151
1031.969604 0.000000 470.454315 0.000000 0.441108 0.000000 0.897454 0.734589 0.734589 0.734589
1037.232910 0.000000 468.678345 0.000000 0.996524 0.000000 -0.083301 0.802598 0.802598 0.802598
1039.405029 0.000000 475.741211 0.000000 0.980485 0.000000 -0.196596 0.825018 0.825018 0.825018
1053.975830 0.000000 469.680176 0.000000 0.175936 0.000000 0.984402 0.721490 0.721490 0.721490
1028.030396 0.000000 472.708984 0.000000 0.377107 0.000000 -0.926170 0.910681 0.910681 0.910681
1035.583862 0.000000 472.982605 0.000000 0.035695 0.000000 0.999363 0.666631 0.666631 0.666631
1046.692993 0.000000 469.425781 0.000000 0.970679 0.000000 -0.240381 0.814691 0.814691 0.814691
1024.000977 0.000000 473.333069 0.000000 0.979148 0.000000 0.203147 0.778182 0.778182 0.778182
1030.463257 0.000000 475.998291 0.000000 0.970048 0.000000 -0.242913 0.828668 0.828668 0.828668
1050.084473 0.000000 470.934845 0.000000 0.985726 0.000000 -0.168358 0.815710 0.815710 0.815710
1039.097168 0.000000 472.108551 0.000000 0.893217 0.000000 -0.449625 0.844428 0.844428 0.844428
1043.223022 0.000000 473.968903 0.000000 0.666954 0.000000 -0.745099 0.892683 0.892683 0.892683
1032.789551 0.000000 473.996735 0.000000 0.768054 0.000000 0.640385 0.738786 0.738786 0.738786
1054.830444 0.000000 473.317871 0.000000 0.976328 0.000000 0.216293 0.782888 0.782888 0.782888
1045.052979 0.000000 471.692474 0.000000 0.355330 0.000000 0.934741 0.699431 0.699431 0.699431
1056.730591 0.000000 469.281189 0.000000 0.227952 0.000000 -0.973672 0.826512 0.826512 0.826512
1058.523071 0.000000 477.052094 0.000000 0.436575 0.000000 -0.899668 0.879116 0.879116 0.879116
1055.993164 0.000000 473.333069 0.000000 0.090325 0.000000 0.995912 0.683805 0.683805 0.683805
1058.533081 0.000000 479.740479 0.000000 0.144486 0.000000 0.989507 0.694921 0.694921 0.694921
1024.501587 0.000000 487.690582 0.000000 0.763573 0.000000 0.645722 0.715880 0.715880 0.715880
1047.887207 0.000000 490.733459 0.000000 0.988497 0.000000 -0.151241 0.803821 0.803821 0.803821
1037.933472 0.000000 483.595490 0.000000 0.333475 0.000000 0.942759 0.701180 0.701180 0.701180
1051.274170 0.000000 480.141815 0.000000 0.889032 0.000000 -0.457845 0.872662 0.872662 0.872662
1029.442383 0.000000 480.157196 0.000000 0.040481 0.000000 -0.999180 0.997137 0.997137 0.997137
1045.241211 0.000000 483.736420 0.000000 0.621299 0.000000 0.783574 0.662430 0.662430 0.662430
1052.952637 0.000000 486.527283 0.000000 0.995167 0.000000 0.098196 0.794402 0.794402 0.794402
1028.589355 0.000000 484.885620 0.000000 0.520222 0.000000 0.854031 0.706769 0.706769 0.706769
1034.537842 0.000000 479.940796 0.000000 0.988243 0.000000 0.152894 0.781422 0.781422 0.781422
1023.865845 0.000000 492.200806 0.000000 0.750291 0.000000 0.661108 0.763214 0.763214 0.763214
1033.570190 0.000000 484.274811 0.000000 0.882568 0.000000 0.470184 0.780936 0.780936 0.780936
1048.627441 0.000000 486.503448 0.000000 0.971699 0.000000 -0.236221 0.819004 0.819004 0.819004
1044.519531 0.000000 487.968384 0.000000 0.961961 0.000000 0.273186 0.775960 0.775960 0.775960
1028.152466 0.000000 489.925995 0.000000 0.904297 0.000000 -0.426905 0.824049 0.824049 0.824049
1041.510620 0.000000 485.335236 0.000000 0.059977 0.000000 -0.998200 0.943024 0.943024 0.943024
1038.136230 0.000000 487.417816 0.000000 0.643893 0.000000 0.765115 0.767113 0.767113 0.767113
1032.047485 0.000000 481.640839 0.000000 0.313041 0.000000 0.949739 0.683687 0.683687 0.683687
1029.680420 0.000000 487.476715 0.000000 0.995538 0.000000 -0.094363 0.806625 0.806625 0.806625
1035.491089 0.000000 482.414825 0.000000 0.456307 0.000000 0.889823 0.728358 0.728358 0.728358
1056.493774 0.000000 487.690582 0.000000 0.984639 0.000000 0.174604 0.796740 0.796740 0.796740
1061.434570 0.000000 480.157196 0.000000 0.776293 0.000000 0.630372 0.773437 0.773437 0.773437
1056.903320 0.000000 484.493896 0.000000 0.468786 0.000000 -0.883312 0.853204 0.853204 0.853204
1059.138306 0.000000 482.107117 0.000000 0.589723 0.000000 0.807605 0.752122 0.752122 0.752122
1052.067505 0.000000 537.920471 0.000000 0.991382 0.000000 -0.131006 0.800787 0.800787 0.800787
1054.022583 0.000000 542.102966 0.000000 0.436088 0.000000 -0.899904 0.894583 0.894583 0.894583
1067.227417 0.000000 527.461243 0.000000 0.103219 0.000000 0.994659 0.758677 0.758677 0.758677
1056.730591 0.000000 533.249939 0.000000 0.052046 0.000000 -0.998645 0.817290 0.817290 0.817290
1074.341797 0.000000 534.702820 0.000000 0.067587 0.000000 -0.997713 0.821616 0.821616 0.821616
1058.523071 0.000000 541.020813 0.000000 0.344983 0.000000 0.938609 0.691940 0.691940 0.691940
1075.901855 0.000000 542.710876 0.000000 0.970213 0.000000 -0.242252 0.806011 0.806011 0.806011
1063.961792 0.000000 534.423096 0.000000 0.087101 0.000000 0.996199 0.644439 0.644439 0.644439
1069.225098 0.000000 532.647095 0.000000 0.509262 0.000000 0.860611 0.701878 0.701878 0.701878
1071.397217 0.000000 539.709961 0.000000 0.207407 0.000000 -0.978255 0.906895 0.906895 0.906895
1061.427979 0.000000 530.648743 0.000000 0.596293 0.000000 -0.802767 0.850254 0.850254 0.850254
1060.022583 0.000000 536.677734 0.000000 0.825379 0.000000 -0.564579 0.844573 0.844573 0.844573
1062.455444 0.000000 539.967041 0.000000 0.709264 0.000000 -0.704943 0.878751 0.878751 0.878751
1065.553589 0.000000 530.854370 0.000000 0.184017 0.000000 0.982923 0.677948 0.677948 0.677948
1069.994263 0.000000 543.227112 0.000000 0.336194 0.000000 -0.941793 0.939054 0.939054 0.939054
1071.089355 0.000000 536.077332 0.000000 0.736885 0.000000 0.676018 0.743956 0.743956 0.743956
1063.532959 0.000000 528.219604 0.000000 0.798865 0.000000 -0.601511 0.831323 0.831323 0.831323
1055.793823 0.000000 542.278381 0.000000 0.836604 0.000000 0.547808 0.751022 0.751022 0.751022
1060.922729 0.000000 542.591492 0.000000 0.365538 0.000000 -0.930797 0.925468 0.925468 0.925468
1072.867065 0.000000 542.317139 0.000000 0.999126 0.000000 0.041804 0.797695 0.797695 0.797695
1063.929565 0.000000 542.811279 0.000000 0.126783 0.000000 -0.991930 0.936671 0.936671 0.936671
1068.443970 0.000000 530.110168 0.000000 0.998413 0.000000 0.056313 0.795814 0.795814 0.795814
1051.274170 0.000000 544.110596 0.000000 0.546915 0.000000 -0.837188 0.831506 0.831506 0.831506
1052.952637 0.000000 550.496033 0.000000 0.333226 0.000000 -0.942847 0.830980 0.830980 0.830980
1053.579346 0.000000 546.922668 0.000000 0.560750 0.000000 0.827985 0.743888 0.743888 0.743888
1054.570557 0.000000 544.137695 0.000000 0.651068 0.000000 -0.759019 0.879004 0.879004 0.879004
1056.493774 0.000000 551.659363 0.000000 0.528390 0.000000 -0.849002 0.877167 0.877167 0.877167
1067.227417 0.000000 559.445618 0.000000 0.022924 0.000000 0.999737 0.694272 0.694272 0.694272
1069.925659 0.000000 547.564209 0.000000 0.482678 0.000000 -0.875798 0.924037 0.924037 0.924037
1061.434570 0.000000 544.125916 0.000000 0.827557 0.000000 0.561382 0.731072 0.731072 0.731072
1064.276367 0.000000 552.439758 0.000000 0.992863 0.000000 -0.119263 0.814827 0.814827 0.814827
1072.636230 0.000000 554.186646 0.000000 0.458041 0.000000 0.888931 0.714707 0.714707 0.714707
1055.931030 0.000000 545.378845 0.000000 0.322428 0.000000 0.946594 0.686096 0.686096 0.686096
1073.489380 0.000000 544.013794 0.000000 0.329176 0.000000 -0.944268 0.866618 0.866618 0.866618
1060.581543 0.000000 548.854370 0.000000 0.646016 0.000000 -0.763323 0.911354 0.911354 0.911354
1068.250122 0.000000 554.896606 0.000000 0.370353 0.000000 0.928891 0.648662 0.648662 0.648662
1065.562378 0.000000 548.243530 0.000000 0.769593 0.000000 -0.638535 0.887561 0.887561 0.887561
1063.844238 0.000000 557.023926 0.000000 0.098788 0.000000 0.995108 0.713575 0.713575 0.713575
1060.144653 0.000000 553.894775 0.000000 0.246325 0.000000 -0.969187 0.920392 0.920392 0.920392
1071.208740 0.000000 557.859680 0.000000 0.278101 0.000000 0.960552 0.688014 0.688014 0.688014
1073.502808 0.000000 549.304016 0.000000 0.010945 0.000000 0.999940 0.699061 0.699061 0.699061
1075.704956 0.000000 556.522095 0.000000 0.971025 0.000000 0.238979 0.790602 0.790602 0.790602
1070.128418 0.000000 551.386597 0.000000 0.774609 0.000000 0.632441 0.731898 0.731898 0.731898
1056.903320 0.000000 548.462646 0.000000 0.499541 0.000000 -0.866290 0.896049 0.896049 0.896049
1070.494263 0.000000 544.594238 0.000000 0.802855 0.000000 -0.596175 0.853196 0.853196 0.853196
1073.885864 0.000000 552.006104 0.000000 0.999680 0.000000 -0.025278 0.802015 0.802015 0.802015
"}
