object={
	name="tree_leaf_high_generator_2_0"
	render_pass=Map
	clamp_to_water_level=no
	generated_content=yes
	layer="tree_high_layer"
	pdxmesh="tree_leaf_01_b_mesh"
	count=148
	transform="510.155365 0.000000 478.134247 0.000000 0.881586 0.000000 0.472023 0.346246 0.346246 0.346246
508.714844 0.000000 471.622528 0.000000 0.937099 0.000000 0.349065 0.375430 0.375430 0.375430
509.514709 0.000000 493.057892 0.000000 0.691039 0.000000 -0.722818 0.408874 0.408874 0.408874
507.566162 0.000000 490.027039 0.000000 0.211650 0.000000 0.977346 0.359330 0.359330 0.359330
510.594635 0.000000 490.173706 0.000000 0.507158 0.000000 0.861853 0.365245 0.365245 0.365245
503.807526 0.000000 484.200134 0.000000 0.821377 0.000000 -0.570386 0.426064 0.426064 0.426064
506.936707 0.000000 487.654846 0.000000 0.628411 0.000000 0.777882 0.333246 0.333246 0.333246
505.490417 0.000000 481.490082 0.000000 0.632422 0.000000 0.774624 0.346464 0.346464 0.346464
599.996582 0.000000 394.780334 0.000000 0.032632 0.000000 0.999467 0.231804 0.231804 0.231804
590.042847 0.000000 387.642365 0.000000 0.944323 0.000000 -0.329020 0.401004 0.401004 0.401004
588.367310 0.000000 394.974731 0.000000 0.867240 0.000000 0.497891 0.390112 0.390112 0.390112
594.003113 0.000000 392.084198 0.000000 0.823978 0.000000 0.566621 0.348265 0.348265 0.348265
593.406128 0.000000 396.612946 0.000000 0.982226 0.000000 -0.187703 0.412068 0.412068 0.412068
602.913269 0.000000 391.701721 0.000000 0.373078 0.000000 -0.927800 0.466463 0.466463 0.466463
596.437500 0.000000 398.885284 0.000000 0.763082 0.000000 -0.646302 0.451930 0.451930 0.451930
595.975647 0.000000 389.827087 0.000000 0.930822 0.000000 0.365472 0.380011 0.380011 0.380011
616.891174 0.000000 410.027985 0.000000 0.138193 0.000000 -0.990405 0.445051 0.445051 0.445051
587.223633 0.000000 422.953613 0.000000 0.999926 0.000000 0.012154 0.399630 0.399630 0.399630
598.465698 0.000000 433.986511 0.000000 0.743638 0.000000 -0.668582 0.422670 0.422670 0.422670
594.003113 0.000000 424.068573 0.000000 0.769402 0.000000 0.638765 0.346721 0.346721 0.346721
588.952271 0.000000 429.712219 0.000000 0.999985 0.000000 -0.005490 0.400439 0.400439 0.400439
596.437500 0.000000 430.869659 0.000000 0.067589 0.000000 0.997713 0.300929 0.300929 0.300929
589.643738 0.000000 431.917267 0.000000 0.958228 0.000000 0.286004 0.380014 0.380014 0.380014
598.568176 0.000000 428.727783 0.000000 0.281762 0.000000 0.959484 0.334547 0.334547 0.334547
588.502258 0.000000 424.769623 0.000000 0.922732 0.000000 0.385442 0.373921 0.373921 0.373921
616.149048 0.000000 417.672089 0.000000 0.810529 0.000000 -0.585699 0.459051 0.459051 0.459051
615.222534 0.000000 421.376587 0.000000 0.951915 0.000000 -0.306361 0.427673 0.427673 0.427673
611.265747 0.000000 423.245483 0.000000 0.261544 0.000000 0.965192 0.336738 0.336738 0.336738
619.996521 0.000000 420.755981 0.000000 0.190704 0.000000 0.981647 0.314625 0.314625 0.314625
617.039795 0.000000 422.447937 0.000000 0.011454 0.000000 -0.999934 0.491096 0.491096 0.491096
512.232483 0.000000 464.859161 0.000000 0.373644 0.000000 0.927572 0.384579 0.384579 0.384579
512.126038 0.000000 473.333069 0.000000 0.046188 0.000000 0.998933 0.233288 0.233288 0.233288
514.501526 0.000000 466.792053 0.000000 0.618220 0.000000 0.786005 0.370199 0.370199 0.370199
514.003967 0.000000 471.455627 0.000000 0.679249 0.000000 0.733907 0.336224 0.336224 0.336224
518.866150 0.000000 472.604645 0.000000 0.304967 0.000000 -0.952363 0.455403 0.455403 0.455403
516.505249 0.000000 475.187683 0.000000 0.145231 0.000000 -0.989398 0.497481 0.497481 0.497481
517.903748 0.000000 470.602264 0.000000 0.293866 0.000000 0.955847 0.325660 0.325660 0.325660
515.289185 0.000000 487.214233 0.000000 0.849880 0.000000 0.526977 0.374226 0.374226 0.374226
1022.030334 0.000000 478.134247 0.000000 0.988147 0.000000 0.153509 0.382301 0.382301 0.382301
1017.343506 0.000000 475.057190 0.000000 0.675090 0.000000 0.737735 0.320044 0.320044 0.320044
1022.838318 0.000000 473.317871 0.000000 0.227162 0.000000 -0.973857 0.520580 0.520580 0.520580
1015.877258 0.000000 471.874542 0.000000 0.973389 0.000000 -0.229160 0.410159 0.410159 0.410159
1020.589844 0.000000 471.622528 0.000000 0.478572 0.000000 -0.878048 0.464217 0.464217 0.464217
1023.549072 0.000000 471.200378 0.000000 0.095833 0.000000 0.995397 0.316052 0.316052 0.316052
1008.651917 0.000000 490.217896 0.000000 0.974985 0.000000 0.222272 0.398433 0.398433 0.398433
1013.360107 0.000000 490.651672 0.000000 0.044105 0.000000 -0.999027 0.457934 0.457934 0.457934
1015.042603 0.000000 488.427643 0.000000 0.681321 0.000000 0.731985 0.341363 0.341363 0.341363
1011.874084 0.000000 485.780212 0.000000 0.710062 0.000000 -0.704139 0.442517 0.442517 0.442517
944.604675 0.000000 532.178772 0.000000 0.874730 0.000000 0.484611 0.380549 0.380549 0.380549
950.245239 0.000000 540.853760 0.000000 0.999103 0.000000 -0.042356 0.403893 0.403893 0.403893
949.076416 0.000000 535.661194 0.000000 0.935940 0.000000 -0.352161 0.433962 0.433962 0.433962
953.997009 0.000000 524.297180 0.000000 0.703251 0.000000 -0.710941 0.437513 0.437513 0.437513
944.987549 0.000000 537.740845 0.000000 0.886377 0.000000 -0.462965 0.431965 0.431965 0.431965
949.264648 0.000000 547.705139 0.000000 0.122358 0.000000 -0.992486 0.558351 0.558351 0.558351
951.698120 0.000000 548.168884 0.000000 0.982164 0.000000 0.188026 0.385455 0.385455 0.385455
950.088745 0.000000 550.060669 0.000000 0.836450 0.000000 -0.548043 0.432436 0.432436 0.432436
953.381042 0.000000 545.458801 0.000000 0.979311 0.000000 -0.202361 0.413634 0.413634 0.413634
967.867676 0.000000 525.039551 0.000000 0.975990 0.000000 -0.217814 0.403508 0.403508 0.403508
962.446289 0.000000 523.909180 0.000000 0.975774 0.000000 0.218782 0.389538 0.389538 0.389538
965.351074 0.000000 524.281494 0.000000 0.405649 0.000000 0.914029 0.353939 0.353939 0.353939
961.894592 0.000000 535.424377 0.000000 0.702462 0.000000 -0.711721 0.439543 0.439543 0.439543
963.848755 0.000000 528.836731 0.000000 0.216809 0.000000 -0.976214 0.491826 0.491826 0.491826
960.938477 0.000000 522.035522 0.000000 0.738699 0.000000 0.674036 0.354205 0.354205 0.354205
990.038147 0.000000 574.087341 0.000000 0.678131 0.000000 0.734941 0.387221 0.387221 0.387221
984.643005 0.000000 550.472229 0.000000 0.868243 0.000000 -0.496139 0.456768 0.456768 0.456768
979.728455 0.000000 556.522095 0.000000 0.274678 0.000000 -0.961536 0.427106 0.427106 0.427106
974.151794 0.000000 551.386597 0.000000 0.588671 0.000000 0.808373 0.378848 0.378848 0.378848
988.914612 0.000000 559.724182 0.000000 0.954007 0.000000 -0.299784 0.425236 0.425236 0.425236
990.769653 0.000000 548.867493 0.000000 0.778863 0.000000 -0.627195 0.438251 0.438251 0.438251
979.881897 0.000000 549.748962 0.000000 0.470820 0.000000 -0.882229 0.480931 0.480931 0.480931
982.474426 0.000000 556.665283 0.000000 0.863670 0.000000 -0.504058 0.428225 0.428225 0.428225
985.373230 0.000000 545.458801 0.000000 0.961819 0.000000 -0.273687 0.418272 0.418272 0.418272
990.917603 0.000000 563.801514 0.000000 0.603409 0.000000 -0.797432 0.460836 0.460836 0.460836
995.841187 0.000000 558.392090 0.000000 0.797910 0.000000 0.602776 0.329254 0.329254 0.329254
997.443665 0.000000 562.633118 0.000000 0.752101 0.000000 -0.659048 0.478682 0.478682 0.478682
991.873657 0.000000 556.169556 0.000000 0.923163 0.000000 -0.384408 0.443145 0.443145 0.443145
998.471008 0.000000 571.951416 0.000000 0.645924 0.000000 0.763402 0.305024 0.305024 0.305024
994.384338 0.000000 562.745178 0.000000 0.452436 0.000000 -0.891797 0.506679 0.506679 0.506679
1008.882690 0.000000 574.301514 0.000000 0.009535 0.000000 0.999955 0.346211 0.346211 0.346211
1002.788818 0.000000 566.039856 0.000000 0.574940 0.000000 0.818196 0.318181 0.318181 0.318181
1004.459656 0.000000 562.094543 0.000000 0.973823 0.000000 0.227306 0.390955 0.390955 0.390955
994.438477 0.000000 555.893555 0.000000 0.262749 0.000000 -0.964864 0.502295 0.502295 0.502295
997.343262 0.000000 556.265869 0.000000 0.732751 0.000000 -0.680497 0.459045 0.459045 0.459045
995.171997 0.000000 551.182983 0.000000 0.460707 0.000000 -0.887552 0.445801 0.445801 0.445801
994.213684 0.000000 570.438110 0.000000 0.631759 0.000000 -0.775165 0.467760 0.467760 0.467760
993.886780 0.000000 567.408752 0.000000 0.909407 0.000000 0.415907 0.376869 0.376869 0.376869
998.558167 0.000000 554.122437 0.000000 0.680126 0.000000 0.733095 0.364255 0.364255 0.364255
991.775452 0.000000 563.129639 0.000000 0.736348 0.000000 -0.676603 0.448979 0.448979 0.448979
1004.882568 0.000000 566.921021 0.000000 0.900686 0.000000 0.434472 0.372397 0.372397 0.372397
1003.122070 0.000000 582.875488 0.000000 0.121173 0.000000 0.992631 0.349344 0.349344 0.349344
1003.498962 0.000000 578.367981 0.000000 0.966921 0.000000 0.255076 0.378493 0.378493 0.378493
997.810913 0.000000 578.519592 0.000000 0.714403 0.000000 -0.699734 0.450307 0.450307 0.450307
1003.902771 0.000000 580.677856 0.000000 0.770499 0.000000 -0.637442 0.441068 0.441068 0.441068
1034.231689 0.000000 477.297180 0.000000 0.710091 0.000000 0.704110 0.314580 0.314580 0.314580
1026.530884 0.000000 477.052094 0.000000 0.806775 0.000000 -0.590858 0.471962 0.471962 0.471962
1040.581299 0.000000 468.209991 0.000000 0.451761 0.000000 0.892139 0.362582 0.362582 0.362582
1034.781006 0.000000 470.086731 0.000000 0.642893 0.000000 -0.765956 0.441823 0.441823 0.441823
1055.426147 0.000000 475.809204 0.000000 0.943507 0.000000 0.331353 0.371838 0.371838 0.371838
1025.878906 0.000000 471.455627 0.000000 0.962970 0.000000 -0.269609 0.415675 0.415675 0.415675
1030.741211 0.000000 472.604645 0.000000 0.819132 0.000000 0.573605 0.354856 0.354856 0.354856
1047.869507 0.000000 471.874542 0.000000 0.760136 0.000000 0.649764 0.347028 0.347028 0.347028
1052.582031 0.000000 471.622528 0.000000 0.273056 0.000000 0.961998 0.310822 0.310822 0.310822
1049.683105 0.000000 468.628845 0.000000 0.445391 0.000000 -0.895336 0.458152 0.458152 0.458152
1036.874756 0.000000 470.967896 0.000000 0.433129 0.000000 -0.901332 0.457746 0.457746 0.457746
1060.022583 0.000000 472.708984 0.000000 0.431692 0.000000 0.902021 0.384841 0.384841 0.384841
1060.922729 0.000000 478.622742 0.000000 0.830205 0.000000 0.557459 0.378447 0.378447 0.378447
1058.198120 0.000000 474.484955 0.000000 0.432696 0.000000 -0.901540 0.453845 0.453845 0.453845
1027.833374 0.000000 494.423340 0.000000 0.519465 0.000000 -0.854492 0.408185 0.408185 0.408185
1040.644043 0.000000 490.217896 0.000000 0.488467 0.000000 0.872582 0.390469 0.390469 0.390469
1023.938782 0.000000 481.410095 0.000000 0.996125 0.000000 0.087949 0.389711 0.389711 0.389711
1026.430664 0.000000 491.924835 0.000000 0.578044 0.000000 0.816006 0.351866 0.351866 0.351866
1031.120972 0.000000 485.345337 0.000000 0.875835 0.000000 -0.482611 0.425901 0.425901 0.425901
1027.164185 0.000000 487.214233 0.000000 0.884291 0.000000 0.466937 0.360945 0.360945 0.360945
1047.034790 0.000000 488.427643 0.000000 0.535611 0.000000 -0.844465 0.446694 0.446694 0.446694
1046.065308 0.000000 486.091919 0.000000 0.025647 0.000000 0.999671 0.288903 0.288903 0.288903
1024.922852 0.000000 490.051147 0.000000 0.788884 0.000000 0.614542 0.358364 0.358364 0.358364
1050.803955 0.000000 487.654846 0.000000 0.850439 0.000000 -0.526074 0.433193 0.433193 0.433193
1054.754028 0.000000 484.898743 0.000000 0.971255 0.000000 0.238040 0.384879 0.384879 0.384879
1039.288330 0.000000 485.468964 0.000000 0.016064 0.000000 -0.999871 0.493155 0.493155 0.493155
1055.931030 0.000000 481.410095 0.000000 0.947287 0.000000 0.320387 0.361895 0.361895 0.361895
1066.223877 0.000000 541.265930 0.000000 0.553964 0.000000 0.832540 0.292436 0.292436 0.292436
1067.576050 0.000000 536.951355 0.000000 0.962836 0.000000 -0.270087 0.429905 0.429905 0.429905
1071.097900 0.000000 529.649292 0.000000 0.569888 0.000000 -0.821722 0.425522 0.425522 0.425522
1059.870483 0.000000 533.490417 0.000000 0.602920 0.000000 0.797802 0.368640 0.368640 0.368640
1072.573486 0.000000 532.178772 0.000000 0.106042 0.000000 -0.994362 0.448264 0.448264 0.448264
1068.592651 0.000000 539.639038 0.000000 0.181050 0.000000 -0.983474 0.524814 0.524814 0.524814
1058.198120 0.000000 538.453735 0.000000 0.840928 0.000000 0.541147 0.372020 0.372020 0.372020
1062.733398 0.000000 536.573425 0.000000 0.837961 0.000000 0.545731 0.350136 0.350136 0.350136
1063.425659 0.000000 532.074402 0.000000 0.505982 0.000000 0.862544 0.316893 0.316893 0.316893
1056.392700 0.000000 540.015991 0.000000 0.755340 0.000000 -0.655334 0.449241 0.449241 0.449241
1060.372437 0.000000 539.156433 0.000000 0.985446 0.000000 0.169989 0.389936 0.389936 0.389936
1071.103149 0.000000 533.841187 0.000000 0.976864 0.000000 -0.213863 0.412268 0.412268 0.412268
1061.770874 0.000000 534.570984 0.000000 0.559108 0.000000 0.829095 0.338503 0.338503 0.338503
1070.074341 0.000000 537.948242 0.000000 0.704109 0.000000 0.710092 0.350322 0.350322 0.350322
1050.189819 0.000000 547.383545 0.000000 0.986508 0.000000 -0.163715 0.403859 0.403859 0.403859
1054.754028 0.000000 548.867493 0.000000 0.415486 0.000000 -0.909600 0.464452 0.464452 0.464452
1066.530029 0.000000 543.909546 0.000000 0.875737 0.000000 0.482788 0.344906 0.344906 0.344906
1071.097900 0.000000 561.633667 0.000000 0.394471 0.000000 0.918909 0.367417 0.367417 0.367417
1064.039673 0.000000 545.609619 0.000000 0.293318 0.000000 -0.956015 0.526499 0.526499 0.526499
1061.672607 0.000000 551.445435 0.000000 0.994943 0.000000 -0.100441 0.409595 0.409595 0.409595
1066.494019 0.000000 556.862244 0.000000 0.890785 0.000000 0.454425 0.361843 0.361843 0.361843
1058.422852 0.000000 555.893555 0.000000 0.282483 0.000000 -0.959272 0.451306 0.451306 0.451306
1059.156372 0.000000 551.182983 0.000000 0.611867 0.000000 -0.790961 0.471523 0.471523 0.471523
1065.680786 0.000000 554.470032 0.000000 0.494620 0.000000 -0.869109 0.487311 0.487311 0.487311
1062.542603 0.000000 554.122437 0.000000 0.578659 0.000000 -0.815570 0.467144 0.467144 0.467144
1073.288940 0.000000 556.534851 0.000000 0.726042 0.000000 0.687650 0.359111 0.359111 0.359111
1072.089233 0.000000 546.754578 0.000000 0.555327 0.000000 0.831632 0.352437 0.352437 0.352437
1069.526489 0.000000 559.854736 0.000000 0.889349 0.000000 -0.457229 0.427742 0.427742 0.427742
"}
