object={
	name="tree_leaf_high_generator_1_0"
	render_pass=Map
	clamp_to_water_level=no
	generated_content=yes
	layer="tree_high_layer"
	pdxmesh="tree_leaf_01_a_mesh"
	count=510
	transform="510.963287 0.000000 473.317871 0.000000 0.949543 0.000000 -0.313637 0.932530 0.932530 0.932530
508.227234 0.000000 467.573944 0.000000 0.812522 0.000000 0.582930 0.730395 0.730395 0.730395
502.354614 0.000000 476.884979 0.000000 0.505861 0.000000 -0.862615 0.903898 0.903898 0.903898
511.558960 0.000000 475.809204 0.000000 0.306519 0.000000 -0.951864 1.350795 1.350795 1.350795
511.674103 0.000000 471.200378 0.000000 0.979842 0.000000 -0.199772 0.867887 0.867887 0.867887
509.472107 0.000000 475.554962 0.000000 0.272513 0.000000 0.962152 0.342276 0.342276 0.342276
506.135071 0.000000 473.047638 0.000000 0.544646 0.000000 0.838666 0.569518 0.569518 0.569518
508.024292 0.000000 469.654480 0.000000 0.889497 0.000000 -0.456942 0.894780 0.894780 0.894780
506.874939 0.000000 478.806885 0.000000 0.086110 0.000000 -0.996286 1.283305 1.283305 1.283305
505.307251 0.000000 479.761108 0.000000 0.934973 0.000000 -0.354718 0.882562 0.882562 0.882562
508.639984 0.000000 478.940979 0.000000 0.537196 0.000000 -0.843457 1.216957 1.216957 1.216957
507.065338 0.000000 475.161957 0.000000 0.704661 0.000000 0.709544 0.598333 0.598333 0.598333
506.064240 0.000000 476.682037 0.000000 0.995420 0.000000 0.095594 0.771700 0.771700 0.771700
500.652374 0.000000 487.968384 0.000000 0.987745 0.000000 -0.156077 0.807512 0.807512 0.807512
509.712097 0.000000 482.953949 0.000000 0.578888 0.000000 -0.815407 1.217027 1.217027 1.217027
510.703430 0.000000 480.168945 0.000000 0.055187 0.000000 0.998476 0.137092 0.137092 0.137092
502.198090 0.000000 486.091919 0.000000 0.999938 0.000000 -0.011177 0.801563 0.801563 0.801563
510.886871 0.000000 484.898743 0.000000 0.998227 0.000000 0.059523 0.775615 0.775615 0.775615
510.770325 0.000000 487.997284 0.000000 0.963178 0.000000 -0.268864 0.888619 0.888619 0.888619
507.228363 0.000000 485.396667 0.000000 0.878299 0.000000 0.478111 0.618796 0.618796 0.618796
505.407776 0.000000 489.126892 0.000000 0.976376 0.000000 -0.216079 0.834364 0.834364 0.834364
502.643036 0.000000 482.226379 0.000000 0.924807 0.000000 0.380438 0.731407 0.731407 0.731407
508.931488 0.000000 488.659943 0.000000 0.907902 0.000000 -0.419184 0.903668 0.903668 0.903668
507.832703 0.000000 482.042511 0.000000 0.552525 0.000000 -0.833496 1.164097 1.164097 1.164097
511.472565 0.000000 483.216614 0.000000 0.238046 0.000000 -0.971254 1.381929 1.381929 1.381929
508.133789 0.000000 483.861694 0.000000 0.197008 0.000000 0.980402 0.199679 0.199679 0.199679
509.068726 0.000000 480.749756 0.000000 0.848575 0.000000 0.529076 0.567282 0.567282 0.567282
505.385071 0.000000 484.848846 0.000000 0.594205 0.000000 0.804313 0.548028 0.548028 0.548028
504.409271 0.000000 482.639252 0.000000 0.968488 0.000000 -0.249059 0.868873 0.868873 0.868873
603.383484 0.000000 384.188690 0.000000 0.809725 0.000000 -0.586810 0.806262 0.806262 0.806262
599.632568 0.000000 384.524628 0.000000 0.348917 0.000000 0.937154 0.729663 0.729663 0.729663
591.215027 0.000000 401.711792 0.000000 0.474747 0.000000 0.880122 0.737671 0.737671 0.737671
602.299194 0.000000 387.461639 0.000000 0.557570 0.000000 0.830130 0.717849 0.717849 0.717849
595.779907 0.000000 403.526642 0.000000 0.999215 0.000000 -0.039620 0.803087 0.803087 0.803087
598.465698 0.000000 402.002136 0.000000 0.418430 0.000000 0.908249 0.697624 0.697624 0.697624
597.461670 0.000000 394.698547 0.000000 0.991723 0.000000 -0.128393 0.856314 0.856314 0.856314
599.144165 0.000000 392.474518 0.000000 0.684737 0.000000 0.728791 0.442843 0.442843 0.442843
598.174683 0.000000 390.138794 0.000000 0.854353 0.000000 0.519693 0.605718 0.605718 0.605718
590.644226 0.000000 395.625122 0.000000 0.668413 0.000000 -0.743790 0.949087 0.949087 0.949087
595.101624 0.000000 394.145569 0.000000 0.665330 0.000000 0.746549 0.485206 0.485206 0.485206
598.568176 0.000000 396.743408 0.000000 0.996723 0.000000 0.080886 0.769272 0.769272 0.769272
600.807983 0.000000 400.150665 0.000000 0.996110 0.000000 -0.088123 0.813746 0.813746 0.813746
603.204956 0.000000 389.443542 0.000000 0.089907 0.000000 0.995950 0.560447 0.560447 0.560447
592.400146 0.000000 399.937439 0.000000 0.914737 0.000000 0.404050 0.716927 0.716927 0.716927
601.384338 0.000000 393.173767 0.000000 0.954698 0.000000 -0.297578 0.907418 0.907418 0.907418
590.672119 0.000000 393.515991 0.000000 0.632098 0.000000 0.774889 0.654808 0.654808 0.654808
596.565063 0.000000 401.024048 0.000000 0.070281 0.000000 0.997527 0.503320 0.503320 0.503320
594.501953 0.000000 398.328003 0.000000 0.274022 0.000000 0.961724 0.459060 0.459060 0.459060
600.707092 0.000000 397.999908 0.000000 0.804183 0.000000 -0.594382 0.997042 0.997042 0.997042
592.190186 0.000000 391.511108 0.000000 0.750543 0.000000 0.660821 0.651491 0.651491 0.651491
603.665771 0.000000 397.387543 0.000000 0.581241 0.000000 -0.813732 1.012628 1.012628 1.012628
601.361633 0.000000 388.895721 0.000000 0.999552 0.000000 -0.029914 0.806693 0.806693 0.806693
601.963684 0.000000 394.673309 0.000000 0.826164 0.000000 0.563430 0.587217 0.587217 0.587217
600.127625 0.000000 396.386627 0.000000 0.616162 0.000000 0.787619 0.519238 0.519238 0.519238
597.712585 0.000000 393.147430 0.000000 0.801823 0.000000 0.597562 0.524984 0.524984 0.524984
594.653198 0.000000 390.675598 0.000000 0.246731 0.000000 0.969084 0.414657 0.414657 0.414657
612.131958 0.000000 408.740234 0.000000 0.541573 0.000000 0.840654 0.764104 0.764104 0.764104
607.967407 0.000000 396.247681 0.000000 0.714703 0.000000 -0.699428 0.829394 0.829394 0.829394
622.103638 0.000000 415.289642 0.000000 0.283726 0.000000 0.958905 0.720556 0.720556 0.720556
607.903137 0.000000 414.340912 0.000000 0.772321 0.000000 -0.635233 0.854989 0.854989 0.854989
616.538879 0.000000 412.463531 0.000000 0.085667 0.000000 0.996324 0.473746 0.473746 0.473746
619.091797 0.000000 415.158661 0.000000 0.334256 0.000000 -0.942482 1.092331 1.092331 1.092331
614.663513 0.000000 413.813232 0.000000 0.726877 0.000000 -0.686768 0.982949 0.982949 0.982949
612.304260 0.000000 413.128693 0.000000 0.757867 0.000000 0.652409 0.638171 0.638171 0.638171
611.478027 0.000000 414.453400 0.000000 0.396615 0.000000 0.917985 0.502691 0.502691 0.502691
589.342346 0.000000 436.693970 0.000000 0.999929 0.000000 -0.011925 0.800310 0.800310 0.800310
606.679993 0.000000 416.200195 0.000000 0.969818 0.000000 0.243831 0.773435 0.773435 0.773435
588.561218 0.000000 434.157043 0.000000 0.843704 0.000000 0.536809 0.734359 0.734359 0.734359
585.798035 0.000000 426.532532 0.000000 0.568109 0.000000 0.822953 0.686100 0.686100 0.686100
599.144165 0.000000 424.458893 0.000000 0.221141 0.000000 0.975242 0.581956 0.581956 0.581956
593.406128 0.000000 428.597321 0.000000 0.039511 0.000000 0.999219 0.130228 0.130228 0.130228
590.644226 0.000000 427.609497 0.000000 0.925132 0.000000 0.379645 0.642117 0.642117 0.642117
595.101624 0.000000 426.129944 0.000000 0.358755 0.000000 -0.933432 1.261645 1.261645 1.261645
592.400146 0.000000 431.921814 0.000000 0.634633 0.000000 -0.772814 1.121064 1.121064 1.121064
590.672119 0.000000 425.500366 0.000000 0.987282 0.000000 0.158978 0.748343 0.748343 0.748343
593.863586 0.000000 434.362061 0.000000 0.116492 0.000000 0.993192 0.556059 0.556059 0.556059
596.565063 0.000000 433.008423 0.000000 0.277052 0.000000 -0.960855 1.052505 1.052505 1.052505
594.501953 0.000000 430.312378 0.000000 0.586568 0.000000 0.809900 0.483260 0.483260 0.483260
592.190186 0.000000 423.495483 0.000000 0.649158 0.000000 0.760653 0.592850 0.592850 0.592850
592.863037 0.000000 430.375946 0.000000 0.708968 0.000000 -0.705240 1.084532 1.084532 1.084532
622.603699 0.000000 416.656738 0.000000 0.998709 0.000000 -0.050805 0.804365 0.804365 0.804365
613.904663 0.000000 418.597717 0.000000 0.011093 0.000000 0.999938 0.173865 0.173865 0.173865
609.938171 0.000000 416.421783 0.000000 0.558681 0.000000 -0.829383 1.003144 1.003144 1.003144
620.580872 0.000000 416.626190 0.000000 0.944302 0.000000 0.329079 0.737715 0.737715 0.737715
616.617371 0.000000 415.797974 0.000000 0.917692 0.000000 -0.397291 0.925664 0.925664 0.925664
610.847534 0.000000 421.380157 0.000000 0.849539 0.000000 0.527525 0.652392 0.652392 0.652392
615.873657 0.000000 419.572357 0.000000 0.423091 0.000000 0.906087 0.304019 0.304019 0.304019
609.494263 0.000000 418.730255 0.000000 0.874969 0.000000 0.484179 0.694007 0.694007 0.694007
618.034119 0.000000 417.610016 0.000000 0.982676 0.000000 0.185334 0.746760 0.746760 0.746760
611.895325 0.000000 416.463898 0.000000 0.786884 0.000000 -0.617101 1.003225 1.003225 1.003225
610.797485 0.000000 419.742035 0.000000 0.952264 0.000000 0.305277 0.703962 0.703962 0.703962
615.430664 0.000000 423.108398 0.000000 0.122103 0.000000 -0.992517 1.173168 1.173168 1.173168
612.463684 0.000000 419.244385 0.000000 0.986651 0.000000 -0.162849 0.865667 0.865667 0.865667
511.926605 0.000000 478.309662 0.000000 0.277341 0.000000 0.960772 0.235860 0.235860 0.235860
520.914612 0.000000 473.996735 0.000000 0.889697 0.000000 -0.456551 0.835036 0.835036 0.835036
514.330872 0.000000 474.484955 0.000000 0.243856 0.000000 0.969811 0.313273 0.313273 0.313273
511.892609 0.000000 467.176483 0.000000 0.754154 0.000000 0.656698 0.695545 0.695545 0.695545
512.525513 0.000000 476.047241 0.000000 0.991525 0.000000 0.129919 0.747697 0.747697 0.747697
511.979340 0.000000 470.992859 0.000000 0.518446 0.000000 0.855110 0.453771 0.453771 0.453771
514.509460 0.000000 468.612732 0.000000 0.840759 0.000000 -0.541410 0.927977 0.927977 0.927977
513.619873 0.000000 478.422699 0.000000 0.920442 0.000000 -0.390878 0.958006 0.958006 0.958006
516.327698 0.000000 477.097443 0.000000 0.015952 0.000000 -0.999873 1.157120 1.157120 1.157120
515.666382 0.000000 471.099365 0.000000 0.248406 0.000000 0.968656 0.391439 0.391439 0.391439
515.501465 0.000000 478.422150 0.000000 0.786651 0.000000 0.617398 0.600647 0.600647 0.600647
511.990875 0.000000 492.200806 0.000000 0.689178 0.000000 0.724592 0.767627 0.767627 0.767627
516.277466 0.000000 489.925995 0.000000 0.158813 0.000000 0.987309 0.729532 0.729532 0.729532
517.805359 0.000000 487.476715 0.000000 0.982481 0.000000 0.186364 0.782029 0.782029 0.782029
517.928101 0.000000 482.566467 0.000000 0.515589 0.000000 0.856836 0.645848 0.645848 0.645848
513.961609 0.000000 480.390533 0.000000 0.987112 0.000000 0.160028 0.740937 0.740937 0.740937
514.870972 0.000000 485.348907 0.000000 0.144520 0.000000 -0.989502 1.118931 1.118931 1.118931
513.517700 0.000000 482.699005 0.000000 0.326891 0.000000 0.945062 0.369846 0.369846 0.369846
511.937958 0.000000 486.006470 0.000000 0.954200 0.000000 -0.299170 0.898910 0.898910 0.898910
515.918762 0.000000 480.432648 0.000000 0.490551 0.000000 -0.871413 1.085286 1.085286 1.085286
511.889893 0.000000 483.105133 0.000000 0.144278 0.000000 -0.989537 1.423731 1.423731 1.423731
514.820923 0.000000 483.710785 0.000000 0.575874 0.000000 -0.817538 1.038950 1.038950 1.038950
513.547974 0.000000 486.294037 0.000000 0.551320 0.000000 -0.834294 1.064111 1.064111 1.064111
512.143433 0.000000 479.838715 0.000000 0.999772 0.000000 0.021374 0.791590 0.791590 0.791590
1011.230835 0.000000 473.968903 0.000000 0.872040 0.000000 -0.489434 0.835751 0.835751 0.835751
1013.060791 0.000000 471.692474 0.000000 0.579221 0.000000 0.815171 0.701022 0.701022 0.701022
1019.582397 0.000000 476.649384 0.000000 0.907621 0.000000 0.419791 0.610514 0.610514 0.610514
1023.433960 0.000000 475.809204 0.000000 0.802509 0.000000 -0.596639 1.083460 1.083460 1.083460
1017.690979 0.000000 468.628845 0.000000 0.925761 0.000000 -0.378109 0.852662 0.852662 0.852662
1021.347107 0.000000 475.554962 0.000000 0.950547 0.000000 0.310582 0.661238 0.661238 0.661238
1018.010071 0.000000 473.047638 0.000000 0.013233 0.000000 0.999912 0.252495 0.252495 0.252495
1012.603149 0.000000 475.554413 0.000000 0.626281 0.000000 0.779597 0.625014 0.625014 0.625014
1014.026794 0.000000 479.154419 0.000000 0.736399 0.000000 -0.676547 1.021127 1.021127 1.021127
1018.749939 0.000000 478.806885 0.000000 0.859578 0.000000 -0.511005 1.034598 1.034598 1.034598
1016.470215 0.000000 470.028137 0.000000 0.892442 0.000000 -0.451161 0.907507 0.907507 0.907507
1015.571838 0.000000 475.542572 0.000000 0.015837 0.000000 -0.999875 1.256527 1.256527 1.256527
1017.182251 0.000000 479.761108 0.000000 0.966658 0.000000 0.256071 0.698630 0.698630 0.698630
1020.514954 0.000000 478.940979 0.000000 0.480195 0.000000 -0.877162 1.259430 1.259430 1.259430
1016.393494 0.000000 473.553070 0.000000 0.269375 0.000000 -0.963035 1.209618 1.209618 1.209618
1015.610107 0.000000 478.874359 0.000000 0.974309 0.000000 0.225217 0.732398 0.732398 0.732398
1018.940308 0.000000 475.161957 0.000000 0.609508 0.000000 -0.792780 1.200373 1.200373 1.200373
1017.939270 0.000000 476.682037 0.000000 0.040688 0.000000 -0.999172 1.398970 1.398970 1.398970
1022.578430 0.000000 480.168945 0.000000 0.459645 0.000000 0.888103 0.289088 0.289088 0.289088
1017.981384 0.000000 492.312775 0.000000 0.999675 0.000000 0.025491 0.797403 0.797403 0.797403
1015.682495 0.000000 484.200134 0.000000 0.175555 0.000000 0.984470 0.229115 0.229115 0.229115
1014.073120 0.000000 486.091919 0.000000 0.888754 0.000000 0.458384 0.623107 0.623107 0.623107
1018.811707 0.000000 487.654846 0.000000 0.651038 0.000000 -0.759045 1.152869 1.152869 1.152869
1022.761841 0.000000 484.898743 0.000000 0.992066 0.000000 0.125717 0.744363 0.744363 0.744363
1022.645325 0.000000 487.997284 0.000000 0.810737 0.000000 0.585410 0.526459 0.526459 0.526459
1019.103394 0.000000 485.396667 0.000000 0.818573 0.000000 -0.574402 1.067631 1.067631 1.067631
1017.282776 0.000000 489.126892 0.000000 0.333099 0.000000 0.942892 0.428688 0.428688 0.428688
1017.365417 0.000000 481.490082 0.000000 0.531927 0.000000 0.846790 0.477271 0.477271 0.477271
1014.518066 0.000000 482.226379 0.000000 0.867061 0.000000 -0.498202 0.991656 0.991656 0.991656
1020.806458 0.000000 488.659943 0.000000 0.965519 0.000000 -0.260331 0.890999 0.890999 0.890999
1019.707703 0.000000 482.042511 0.000000 0.268967 0.000000 0.963149 0.294294 0.294294 0.294294
1020.933838 0.000000 491.232086 0.000000 0.965451 0.000000 -0.260584 0.867395 0.867395 0.867395
1023.084167 0.000000 491.919464 0.000000 0.251580 0.000000 -0.967837 1.154960 1.154960 1.154960
1023.347534 0.000000 483.216614 0.000000 0.999294 0.000000 -0.037569 0.816661 0.816661 0.816661
1020.008789 0.000000 483.861694 0.000000 0.441541 0.000000 0.897241 0.339655 0.339655 0.339655
1020.943726 0.000000 480.749756 0.000000 0.114915 0.000000 0.993375 0.142965 0.142965 0.142965
1011.193848 0.000000 484.193146 0.000000 0.993910 0.000000 0.110194 0.775962 0.775962 0.775962
1017.260071 0.000000 484.848846 0.000000 0.422879 0.000000 -0.906186 1.296083 1.296083 1.296083
1012.090942 0.000000 482.408020 0.000000 0.393877 0.000000 -0.919163 1.137659 1.137659 1.137659
1016.284302 0.000000 482.639252 0.000000 0.920573 0.000000 0.390570 0.643728 0.643728 0.643728
954.107910 0.000000 534.903625 0.000000 0.757153 0.000000 -0.653237 1.111361 1.111361 1.111361
956.117859 0.000000 531.542725 0.000000 0.827352 0.000000 0.561684 0.540320 0.540320 0.540320
940.623962 0.000000 539.639038 0.000000 0.288682 0.000000 -0.957425 0.935275 0.935275 0.935275
956.922424 0.000000 527.739807 0.000000 0.556461 0.000000 0.830874 0.400437 0.400437 0.400437
946.764465 0.000000 540.453430 0.000000 0.321156 0.000000 -0.947026 1.319210 1.319210 1.319210
951.892883 0.000000 535.843323 0.000000 0.897311 0.000000 0.441399 0.600042 0.600042 0.600042
956.605469 0.000000 535.591309 0.000000 0.263250 0.000000 -0.964728 1.310622 1.310622 1.310622
953.706604 0.000000 532.597595 0.000000 0.654032 0.000000 0.756467 0.433328 0.433328 0.433328
952.722046 0.000000 528.088135 0.000000 0.166455 0.000000 -0.986049 1.231700 1.231700 1.231700
948.451721 0.000000 533.506042 0.000000 0.972208 0.000000 0.234119 0.725429 0.725429 0.725429
959.564697 0.000000 535.169128 0.000000 0.392795 0.000000 -0.919626 1.147324 1.147324 1.147324
942.105591 0.000000 537.948242 0.000000 0.013451 0.000000 -0.999910 1.064383 1.064383 1.064383
958.778137 0.000000 526.696167 0.000000 0.983170 0.000000 0.182691 0.719641 0.719641 0.719641
948.479126 0.000000 528.961548 0.000000 0.531992 0.000000 0.846750 0.634614 0.634614 0.634614
957.362732 0.000000 539.523743 0.000000 0.715030 0.000000 -0.699093 1.038103 1.038103 1.038103
951.858643 0.000000 531.468933 0.000000 0.997444 0.000000 0.071452 0.778290 0.778290 0.778290
955.659668 0.000000 529.390625 0.000000 0.291731 0.000000 -0.956500 1.299016 1.299016 1.299016
954.025696 0.000000 537.016418 0.000000 0.766713 0.000000 0.641990 0.495096 0.495096 0.495096
958.925415 0.000000 531.817139 0.000000 0.979858 0.000000 0.199695 0.721299 0.721299 0.721299
948.618774 0.000000 539.523193 0.000000 0.963380 0.000000 0.268138 0.681265 0.681265 0.681265
955.914917 0.000000 533.623230 0.000000 0.974186 0.000000 -0.225748 0.898235 0.898235 0.898235
950.042419 0.000000 543.123169 0.000000 0.755252 0.000000 0.655435 0.538760 0.538760 0.538760
952.621155 0.000000 525.937439 0.000000 0.938362 0.000000 -0.345655 0.866965 0.866965 0.866965
949.672913 0.000000 531.783813 0.000000 0.163391 0.000000 -0.986561 1.131516 1.131516 1.131516
942.128540 0.000000 541.089294 0.000000 0.038686 0.000000 0.999251 0.451163 0.451163 0.451163
956.949463 0.000000 523.216431 0.000000 0.119118 0.000000 0.992880 0.420259 0.420259 0.420259
952.485840 0.000000 533.996887 0.000000 0.991358 0.000000 0.131185 0.743768 0.743768 0.743768
955.579834 0.000000 525.325073 0.000000 0.766705 0.000000 -0.641999 0.994919 0.994919 0.994919
959.099792 0.000000 523.903870 0.000000 0.941953 0.000000 0.335744 0.705629 0.705629 0.705629
946.411743 0.000000 532.883972 0.000000 0.174156 0.000000 -0.984718 1.137305 1.137305 1.137305
951.587463 0.000000 539.511292 0.000000 0.986068 0.000000 0.166340 0.731577 0.731577 0.731577
944.643433 0.000000 535.220398 0.000000 0.999339 0.000000 -0.036351 0.807770 0.807770 0.807770
945.226624 0.000000 539.589600 0.000000 0.729136 0.000000 0.684369 0.586234 0.586234 0.586234
953.197876 0.000000 543.729858 0.000000 0.068200 0.000000 -0.997672 1.205127 1.205127 1.205127
947.387451 0.000000 536.092712 0.000000 0.420994 0.000000 0.907063 0.398321 0.398321 0.398321
948.948730 0.000000 537.505798 0.000000 0.609956 0.000000 -0.792436 1.170893 1.170893 1.170893
952.409119 0.000000 537.521851 0.000000 0.673387 0.000000 -0.739291 1.163920 1.163920 1.163920
952.032227 0.000000 529.665039 0.000000 0.157660 0.000000 -0.987493 1.234442 1.234442 1.234442
943.874756 0.000000 543.615051 0.000000 0.883139 0.000000 -0.469111 0.914101 0.914101 0.914101
951.625732 0.000000 542.843079 0.000000 0.822587 0.000000 -0.568639 1.021069 1.021069 1.021069
954.229309 0.000000 528.651611 0.000000 0.998838 0.000000 -0.048195 0.818874 0.818874 0.818874
948.393250 0.000000 541.207031 0.000000 0.314322 0.000000 -0.949316 1.347205 1.347205 1.347205
954.955933 0.000000 539.130676 0.000000 0.040453 0.000000 0.999181 0.252897 0.252897 0.252897
953.954895 0.000000 540.650757 0.000000 0.209822 0.000000 -0.977740 1.188253 1.188253 1.188253
944.667542 0.000000 554.186646 0.000000 0.905095 0.000000 0.425209 0.788597 0.788597 0.788597
938.561218 0.000000 543.909546 0.000000 0.813773 0.000000 0.581183 0.776466 0.776466 0.776466
957.602722 0.000000 546.922668 0.000000 0.978420 0.000000 -0.206624 0.813717 0.813717 0.813717
948.489685 0.000000 544.768005 0.000000 0.380715 0.000000 0.924693 0.283774 0.283774 0.283774
946.486084 0.000000 546.604126 0.000000 0.999896 0.000000 -0.014445 0.806088 0.806088 0.806088
945.917175 0.000000 552.006104 0.000000 0.976193 0.000000 -0.216903 0.825764 0.825764 0.825764
951.058228 0.000000 552.396362 0.000000 0.006627 0.000000 0.999978 0.593815 0.593815 0.593815
944.120544 0.000000 546.754578 0.000000 0.298835 0.000000 -0.954305 1.217640 1.217640 1.217640
947.889709 0.000000 549.748962 0.000000 0.898606 0.000000 -0.438757 0.955127 0.955127 0.955127
943.311768 0.000000 549.437683 0.000000 0.120810 0.000000 0.992676 0.513358 0.513358 0.513358
950.533691 0.000000 546.195129 0.000000 0.809824 0.000000 -0.586673 1.027892 1.027892 1.027892
944.104248 0.000000 551.432983 0.000000 0.997271 0.000000 -0.073829 0.815054 0.815054 0.815054
947.209473 0.000000 548.161926 0.000000 0.346808 0.000000 -0.937936 1.215513 1.215513 1.215513
953.275696 0.000000 548.817627 0.000000 0.861481 0.000000 0.507791 0.677667 0.677667 0.677667
949.929871 0.000000 543.809021 0.000000 0.684101 0.000000 -0.729388 1.157538 1.157538 1.157538
948.106567 0.000000 546.376770 0.000000 0.317415 0.000000 0.948287 0.254221 0.254221 0.254221
946.859497 0.000000 544.989319 0.000000 0.125250 0.000000 0.992125 0.167869 0.167869 0.167869
952.299927 0.000000 546.608032 0.000000 0.954090 0.000000 -0.299518 0.881410 0.881410 0.881410
945.263062 0.000000 545.585083 0.000000 0.877214 0.000000 -0.480100 0.974027 0.974027 0.974027
962.546509 0.000000 541.020813 0.000000 0.999669 0.000000 -0.025735 0.800411 0.800411 0.800411
964.168091 0.000000 521.910400 0.000000 0.443972 0.000000 0.896041 0.748975 0.748975 0.748975
967.556396 0.000000 528.219604 0.000000 0.848204 0.000000 0.529669 0.757635 0.757635 0.757635
959.817200 0.000000 542.278381 0.000000 0.408278 0.000000 0.912858 0.698920 0.698920 0.698920
982.237427 0.000000 540.853760 0.000000 0.028826 0.000000 0.999584 0.667574 0.667574 0.667574
961.147217 0.000000 526.516602 0.000000 0.785091 0.000000 0.619380 0.547862 0.547862 0.547862
959.783264 0.000000 531.145264 0.000000 0.881944 0.000000 -0.471354 0.992138 0.992138 0.992138
982.034607 0.000000 543.123169 0.000000 0.552885 0.000000 0.833258 0.617048 0.617048 0.617048
961.974182 0.000000 528.253723 0.000000 0.999471 0.000000 0.032513 0.788309 0.788309 0.788309
959.869995 0.000000 534.961609 0.000000 0.999913 0.000000 0.013193 0.796074 0.796074 0.796074
963.984192 0.000000 531.707336 0.000000 0.063986 0.000000 -0.997951 1.134040 1.134040 1.134040
961.248230 0.000000 524.954773 0.000000 0.961772 0.000000 0.273852 0.708586 0.708586 0.708586
959.803650 0.000000 527.283081 0.000000 0.745770 0.000000 0.666204 0.481092 0.481092 0.481092
987.448975 0.000000 553.995789 0.000000 0.697077 0.000000 0.716996 0.450310 0.450310 0.450310
990.477417 0.000000 554.142456 0.000000 0.754718 0.000000 0.656050 0.495587 0.495587 0.495587
990.846130 0.000000 569.270996 0.000000 0.987133 0.000000 -0.159901 0.815395 0.815395 0.815395
991.441772 0.000000 571.762329 0.000000 0.231181 0.000000 0.972911 0.658420 0.658420 0.658420
983.690308 0.000000 548.168884 0.000000 0.886540 0.000000 -0.462653 1.010381 1.010381 1.010381
977.909363 0.000000 552.006104 0.000000 0.576060 0.000000 -0.817407 0.941425 0.941425 0.941425
983.050415 0.000000 552.396362 0.000000 0.552749 0.000000 -0.833348 1.158095 1.158095 1.158095
982.080933 0.000000 550.060669 0.000000 0.085031 0.000000 -0.996378 1.429051 1.429051 1.429051
986.819519 0.000000 551.623596 0.000000 0.998226 0.000000 0.059533 0.774778 0.774778 0.774778
976.112732 0.000000 546.754578 0.000000 0.526631 0.000000 0.850094 0.617343 0.617343 0.617343
979.007874 0.000000 554.067444 0.000000 0.996929 0.000000 0.078315 0.787787 0.787787 0.787787
990.653137 0.000000 551.966003 0.000000 0.939054 0.000000 0.343770 0.694166 0.694166 0.694166
987.111206 0.000000 549.365417 0.000000 0.539677 0.000000 0.841872 0.456220 0.456220 0.456220
990.770325 0.000000 558.680542 0.000000 0.486204 0.000000 0.873845 0.373242 0.373242 0.373242
985.290588 0.000000 553.095642 0.000000 0.898880 0.000000 0.438195 0.603414 0.603414 0.603414
987.651855 0.000000 561.375000 0.000000 0.750776 0.000000 -0.660557 0.936907 0.936907 0.936907
984.613342 0.000000 557.921814 0.000000 0.970695 0.000000 -0.240316 0.867375 0.867375 0.867375
982.525879 0.000000 546.195129 0.000000 0.766620 0.000000 0.642101 0.534023 0.534023 0.534023
988.814270 0.000000 552.628723 0.000000 0.548978 0.000000 -0.835837 1.228917 1.228917 1.228917
987.715515 0.000000 546.011230 0.000000 0.622564 0.000000 -0.782569 1.049516 1.049516 1.049516
976.096436 0.000000 551.432983 0.000000 0.856448 0.000000 -0.516233 0.901839 0.901839 0.901839
988.941650 0.000000 555.200806 0.000000 0.918739 0.000000 -0.394865 0.977548 0.977548 0.977548
987.572021 0.000000 557.309448 0.000000 0.789344 0.000000 0.613951 0.578192 0.578192 0.578192
991.091980 0.000000 555.888245 0.000000 0.650381 0.000000 -0.759608 1.167007 1.167007 1.167007
988.016602 0.000000 547.830444 0.000000 0.689498 0.000000 -0.724287 0.966630 0.966630 0.966630
979.201660 0.000000 548.161926 0.000000 0.373634 0.000000 -0.927576 1.155870 1.155870 1.155870
985.267883 0.000000 548.817627 0.000000 0.999266 0.000000 -0.038301 0.815686 0.815686 0.815686
980.098755 0.000000 546.376770 0.000000 0.775714 0.000000 -0.631084 1.037339 1.037339 1.037339
984.292114 0.000000 546.608032 0.000000 0.559156 0.000000 -0.829062 1.137723 1.137723 1.137723
985.869934 0.000000 554.595154 0.000000 0.928724 0.000000 -0.370771 0.930484 0.930484 0.930484
984.033875 0.000000 556.308533 0.000000 0.481587 0.000000 0.876398 0.503414 0.503414 0.503414
981.618835 0.000000 553.069336 0.000000 0.679613 0.000000 -0.733571 1.043438 1.043438 1.043438
978.559448 0.000000 550.597473 0.000000 0.816791 0.000000 -0.576934 0.973182 0.973182 0.973182
996.597107 0.000000 548.854370 0.000000 0.622134 0.000000 -0.782911 0.832331 0.832331 0.832331
1000.797424 0.000000 569.949890 0.000000 0.976883 0.000000 0.213776 0.705768 0.705768 0.705768
997.688171 0.000000 551.445435 0.000000 0.746442 0.000000 0.665450 0.725837 0.725837 0.725837
999.945251 0.000000 574.795654 0.000000 0.976185 0.000000 0.216938 0.714397 0.714397 0.714397
993.139404 0.000000 558.500977 0.000000 0.946364 0.000000 0.323104 0.656094 0.656094 0.656094
1001.696472 0.000000 554.470032 0.000000 0.588564 0.000000 0.808451 0.704098 0.704098 0.704098
998.748962 0.000000 568.557800 0.000000 0.828227 0.000000 0.560392 0.540999 0.540999 0.540999
995.840942 0.000000 560.821106 0.000000 0.911955 0.000000 -0.410289 0.984918 0.984918 0.984918
992.930664 0.000000 554.019897 0.000000 0.300280 0.000000 0.953851 0.314600 0.314600 0.314600
999.441284 0.000000 564.058777 0.000000 0.179262 0.000000 -0.983801 1.408224 1.408224 1.408224
992.408325 0.000000 572.000366 0.000000 0.401250 0.000000 -0.915969 1.022013 1.022013 1.022013
996.388062 0.000000 571.140808 0.000000 0.427236 0.000000 -0.904140 1.251121 1.251121 1.251121
998.060303 0.000000 558.546753 0.000000 0.752216 0.000000 0.658917 0.578737 0.578737 0.578737
1001.643433 0.000000 567.897095 0.000000 0.819680 0.000000 -0.572822 1.058259 1.058259 1.058259
997.786560 0.000000 566.555359 0.000000 0.810318 0.000000 -0.585991 1.033839 1.033839 1.033839
1006.089966 0.000000 569.932617 0.000000 0.462673 0.000000 -0.886529 0.965419 0.965419 0.965419
1004.356140 0.000000 573.767517 0.000000 0.735242 0.000000 0.677805 0.572414 0.572414 0.572414
1001.530884 0.000000 560.792969 0.000000 0.911518 0.000000 -0.411261 0.919357 0.919357 0.919357
1001.231201 0.000000 558.651184 0.000000 0.886244 0.000000 -0.463218 0.904849 0.904849 0.904849
1002.641785 0.000000 570.900635 0.000000 0.435695 0.000000 -0.900094 1.189217 1.189217 1.189217
1003.260803 0.000000 563.998474 0.000000 0.028641 0.000000 0.999590 0.411914 0.411914 0.411914
1000.445129 0.000000 572.385437 0.000000 0.884776 0.000000 0.466017 0.591831 0.591831 0.591831
1002.998047 0.000000 575.080566 0.000000 0.850033 0.000000 0.526730 0.562895 0.562895 0.562895
1006.112915 0.000000 573.073669 0.000000 0.999316 0.000000 0.036993 0.792314 0.792314 0.792314
1001.132874 0.000000 564.908020 0.000000 0.049543 0.000000 -0.998772 1.356002 1.356002 1.356002
993.966370 0.000000 560.238098 0.000000 0.800180 0.000000 0.599760 0.540506 0.540506 0.540506
997.557556 0.000000 564.519165 0.000000 0.997111 0.000000 -0.075959 0.831889 0.831889 0.831889
999.648132 0.000000 562.178406 0.000000 0.874976 0.000000 -0.484165 1.004913 1.004913 1.004913
994.504089 0.000000 552.892090 0.000000 0.233462 0.000000 0.972366 0.474671 0.474671 0.474671
991.820801 0.000000 549.975220 0.000000 0.115825 0.000000 0.993270 0.471689 0.471689 0.471689
998.011414 0.000000 570.172485 0.000000 0.466393 0.000000 0.884577 0.325169 0.325169 0.325169
997.648987 0.000000 560.313232 0.000000 0.810529 0.000000 -0.585699 1.063698 1.063698 1.063698
994.392273 0.000000 564.565857 0.000000 0.929474 0.000000 -0.368888 0.934316 0.934316 0.934316
995.976379 0.000000 563.691711 0.000000 0.268248 0.000000 -0.963350 1.303402 1.303402 1.303402
998.569763 0.000000 573.735107 0.000000 0.063011 0.000000 0.998013 0.140520 0.140520 0.140520
996.210510 0.000000 573.050537 0.000000 0.988153 0.000000 0.153475 0.743991 0.743991 0.743991
993.430786 0.000000 550.262756 0.000000 0.214586 0.000000 -0.976705 1.119227 1.119227 1.119227
995.549194 0.000000 567.052490 0.000000 0.065890 0.000000 -0.997827 1.250834 1.250834 1.250834
1007.859131 0.000000 575.599426 0.000000 0.969969 0.000000 -0.243229 0.858394 0.858394 0.858394
1005.228882 0.000000 568.478699 0.000000 0.532905 0.000000 0.846175 0.546142 0.546142 0.546142
993.240417 0.000000 556.939148 0.000000 0.184903 0.000000 0.982757 0.197051 0.197051 0.197051
999.486450 0.000000 570.786926 0.000000 0.658531 0.000000 -0.752553 1.172631 1.172631 1.172631
991.795837 0.000000 559.267456 0.000000 0.680539 0.000000 -0.732712 1.130108 1.130108 1.130108
995.758789 0.000000 556.791016 0.000000 0.212854 0.000000 0.977084 0.282608 0.282608 0.282608
991.946594 0.000000 577.363220 0.000000 0.995819 0.000000 0.091346 0.797625 0.797625 0.797625
1009.518433 0.000000 581.288391 0.000000 0.991797 0.000000 -0.127825 0.807680 0.807680 0.807680
1006.143982 0.000000 583.370972 0.000000 0.951245 0.000000 0.308435 0.781213 0.781213 0.781213
1000.055298 0.000000 577.593994 0.000000 0.573032 0.000000 0.819533 0.379840 0.379840 0.379840
997.688171 0.000000 583.429810 0.000000 0.974243 0.000000 0.225499 0.776377 0.776377 0.776377
1000.946045 0.000000 582.369812 0.000000 0.638945 0.000000 -0.769253 0.936728 0.936728 0.936728
1004.487122 0.000000 576.548035 0.000000 0.347387 0.000000 0.937722 0.394412 0.394412 0.394412
1000.523621 0.000000 575.719849 0.000000 0.497799 0.000000 0.867293 0.340850 0.340850 0.340850
999.779907 0.000000 579.494202 0.000000 0.687020 0.000000 0.726638 0.533568 0.533568 0.533568
1001.940369 0.000000 577.531921 0.000000 0.280949 0.000000 0.959723 0.237504 0.237504 0.237504
1005.270935 0.000000 577.990112 0.000000 0.895459 0.000000 0.445145 0.646127 0.646127 0.646127
996.369934 0.000000 579.166260 0.000000 0.475877 0.000000 -0.879512 1.079071 1.079071 1.079071
1046.568115 0.000000 474.002289 0.000000 0.587366 0.000000 0.809321 0.319736 0.319736 0.319736
1054.022583 0.000000 478.134247 0.000000 0.754221 0.000000 -0.656621 1.154809 1.154809 1.154809
1048.928833 0.000000 477.970154 0.000000 0.612801 0.000000 -0.790237 1.264068 1.264068 1.264068
1038.002075 0.000000 479.258392 0.000000 0.143324 0.000000 0.989676 0.096047 0.096047 0.096047
1027.878296 0.000000 469.521698 0.000000 0.992507 0.000000 0.122185 0.790948 0.790948 0.790948
1023.801575 0.000000 478.309662 0.000000 0.198064 0.000000 -0.980189 1.429979 1.429979 1.429979
1049.335693 0.000000 475.057190 0.000000 0.947895 0.000000 0.318584 0.634868 0.634868 0.634868
1028.930542 0.000000 478.622742 0.000000 0.999990 0.000000 0.004529 0.797910 0.797910 0.797910
1052.094360 0.000000 467.573944 0.000000 0.996987 0.000000 0.077564 0.792867 0.792867 0.792867
1046.221802 0.000000 476.884979 0.000000 0.993377 0.000000 0.114897 0.741354 0.741354 0.741354
1040.874878 0.000000 478.348419 0.000000 0.541172 0.000000 -0.840912 1.308769 1.308769 1.308769
1031.937378 0.000000 478.842529 0.000000 0.997904 0.000000 0.064708 0.773359 0.773359 0.773359
1036.600464 0.000000 475.670258 0.000000 0.561671 0.000000 0.827361 0.412727 0.412727 0.412727
1051.574585 0.000000 476.649384 0.000000 0.391656 0.000000 0.920112 0.204956 0.204956 0.204956
1026.540894 0.000000 479.740479 0.000000 0.859480 0.000000 0.511170 0.546029 0.546029 0.546029
1042.741089 0.000000 476.484650 0.000000 0.966583 0.000000 -0.256353 0.932034 0.932034 0.932034
1026.205933 0.000000 474.484955 0.000000 0.230057 0.000000 0.973177 0.227845 0.227845 0.227845
1040.964111 0.000000 473.772095 0.000000 0.869132 0.000000 0.494581 0.628476 0.628476 0.628476
1024.400513 0.000000 476.047241 0.000000 0.625525 0.000000 0.780204 0.388872 0.388872 0.388872
1028.380249 0.000000 475.187683 0.000000 0.015506 0.000000 -0.999880 1.449214 1.449214 1.449214
1044.428345 0.000000 469.537292 0.000000 0.149568 0.000000 -0.988751 1.055367 1.055367 1.055367
1033.635620 0.000000 471.943970 0.000000 0.060553 0.000000 -0.998165 1.092575 1.092575 1.092575
1055.541260 0.000000 471.200378 0.000000 0.054291 0.000000 -0.998525 1.114992 1.114992 1.114992
1029.778687 0.000000 470.602264 0.000000 0.991718 0.000000 -0.128436 0.824951 0.824951 0.824951
1038.082153 0.000000 473.979462 0.000000 0.691695 0.000000 0.722190 0.543740 0.543740 0.543740
1036.348267 0.000000 477.814362 0.000000 0.729282 0.000000 0.684214 0.462887 0.462887 0.462887
1053.339233 0.000000 475.554962 0.000000 0.727820 0.000000 -0.685768 1.122975 1.122975 1.122975
1050.002197 0.000000 473.047638 0.000000 0.994522 0.000000 -0.104526 0.843293 0.843293 0.843293
1034.633911 0.000000 474.947540 0.000000 0.373359 0.000000 0.927687 0.342000 0.342000 0.342000
1044.595337 0.000000 475.554413 0.000000 0.691514 0.000000 0.722363 0.388889 0.388889 0.388889
1051.891479 0.000000 469.654480 0.000000 0.852720 0.000000 0.522369 0.683640 0.683640 0.683640
1046.018921 0.000000 479.154419 0.000000 0.921871 0.000000 -0.387498 1.002657 1.002657 1.002657
1050.742188 0.000000 478.806885 0.000000 0.368752 0.000000 -0.929528 1.407656 1.407656 1.407656
1032.437378 0.000000 476.432281 0.000000 0.418473 0.000000 0.908229 0.301792 0.301792 0.301792
1034.990234 0.000000 479.127411 0.000000 0.161458 0.000000 -0.986880 1.368300 1.368300 1.368300
1038.105103 0.000000 477.120544 0.000000 0.659336 0.000000 -0.751849 1.223144 1.223144 1.223144
1023.854370 0.000000 470.992859 0.000000 0.907695 0.000000 -0.419630 0.898596 0.898596 0.898596
1048.462402 0.000000 470.028137 0.000000 0.968647 0.000000 0.248443 0.722275 0.722275 0.722275
1047.563965 0.000000 475.542572 0.000000 0.689773 0.000000 0.724026 0.387663 0.387663 0.387663
1030.003540 0.000000 474.219360 0.000000 0.540997 0.000000 0.841025 0.410860 0.410860 0.410860
1040.619995 0.000000 471.251648 0.000000 0.924904 0.000000 0.380201 0.708863 0.708863 0.708863
1041.203125 0.000000 475.620850 0.000000 0.097712 0.000000 -0.995215 1.482495 1.482495 1.482495
1049.174438 0.000000 479.761108 0.000000 0.297382 0.000000 0.954758 0.153782 0.153782 0.153782
1030.561890 0.000000 477.781982 0.000000 0.964110 0.000000 0.265504 0.681924 0.681924 0.681924
1043.364014 0.000000 472.123932 0.000000 0.936557 0.000000 0.350516 0.668393 0.668393 0.668393
1052.507202 0.000000 478.940979 0.000000 0.880440 0.000000 -0.474157 1.051595 1.051595 1.051595
1025.494873 0.000000 478.422699 0.000000 0.840304 0.000000 -0.542116 1.072349 1.072349 1.072349
1028.202759 0.000000 477.097443 0.000000 0.944619 0.000000 0.328170 0.645069 0.645069 0.645069
1044.925293 0.000000 473.537048 0.000000 0.464893 0.000000 -0.885367 1.242999 1.242999 1.242999
1048.385620 0.000000 473.553070 0.000000 0.188688 0.000000 -0.982037 1.401272 1.401272 1.401272
1039.851318 0.000000 479.646301 0.000000 0.882315 0.000000 0.470660 0.558255 0.558255 0.558255
1047.602295 0.000000 478.874359 0.000000 0.951982 0.000000 -0.306152 0.958467 0.958467 0.958467
1037.221069 0.000000 472.525543 0.000000 0.956091 0.000000 -0.293071 0.890296 0.890296 0.890296
1044.369751 0.000000 477.238281 0.000000 0.627743 0.000000 -0.778421 1.254366 1.254366 1.254366
1027.376465 0.000000 478.422150 0.000000 0.425955 0.000000 0.904744 0.264751 0.264751 0.264751
1031.478638 0.000000 474.833801 0.000000 0.617829 0.000000 -0.786312 1.152392 1.152392 1.152392
1050.932495 0.000000 475.161957 0.000000 0.552886 0.000000 -0.833257 1.301642 1.301642 1.301642
1049.931396 0.000000 476.682037 0.000000 0.999985 0.000000 -0.005552 0.802828 0.802828 0.802828
1055.793823 0.000000 478.309662 0.000000 0.547362 0.000000 0.836896 0.308852 0.308852 0.308852
1057.871094 0.000000 471.455627 0.000000 0.214100 0.000000 0.976812 0.629502 0.629502 0.629502
1056.392700 0.000000 476.047241 0.000000 0.471700 0.000000 0.881759 0.444231 0.444231 0.444231
1055.846558 0.000000 470.992859 0.000000 0.096743 0.000000 -0.995309 1.106148 1.106148 1.106148
1057.487061 0.000000 478.422699 0.000000 0.090298 0.000000 -0.995915 1.323329 1.323329 1.323329
1032.284180 0.000000 488.471008 0.000000 0.736873 0.000000 0.676031 0.786656 0.786656 0.786656
1041.497192 0.000000 480.045013 0.000000 0.933009 0.000000 -0.359853 0.987477 0.987477 0.987477
1047.523193 0.000000 480.477753 0.000000 0.297695 0.000000 -0.954661 1.446052 1.446052 1.446052
1053.579346 0.000000 482.953949 0.000000 0.849186 0.000000 -0.528093 1.065570 1.065570 1.065570
1050.189819 0.000000 483.414764 0.000000 0.983158 0.000000 -0.182760 0.893605 0.893605 0.893605
1024.911133 0.000000 484.493896 0.000000 0.452517 0.000000 0.891756 0.335931 0.335931 0.335931
1038.502075 0.000000 480.625488 0.000000 0.613535 0.000000 -0.789668 1.199965 1.199965 1.199965
1027.146118 0.000000 482.107117 0.000000 0.992110 0.000000 0.125371 0.745521 0.745521 0.745521
1044.466187 0.000000 480.799255 0.000000 0.774664 0.000000 0.632373 0.451330 0.451330 0.451330
1054.570557 0.000000 480.168945 0.000000 0.236515 0.000000 0.971628 0.177476 0.177476 0.177476
1042.462646 0.000000 482.635345 0.000000 0.999697 0.000000 0.024630 0.787455 0.787455 0.787455
1047.674683 0.000000 484.200134 0.000000 0.325351 0.000000 -0.945593 1.307458 1.307458 1.307458
1041.893677 0.000000 488.037323 0.000000 0.967113 0.000000 -0.254345 0.829277 0.829277 0.829277
1029.803101 0.000000 482.566467 0.000000 0.508220 0.000000 0.861227 0.414516 0.414516 0.414516
1040.097046 0.000000 482.785858 0.000000 0.971855 0.000000 -0.235581 0.904970 0.904970 0.904970
1043.866333 0.000000 485.780212 0.000000 0.885684 0.000000 0.464289 0.612920 0.612920 0.612920
1051.095581 0.000000 485.396667 0.000000 0.513692 0.000000 -0.857975 1.216075 1.216075 1.216075
1049.274902 0.000000 489.126892 0.000000 0.954230 0.000000 -0.299074 0.846102 0.846102 0.846102
1025.836670 0.000000 480.390533 0.000000 0.823374 0.000000 0.567499 0.523994 0.523994 0.523994
1049.357544 0.000000 481.490082 0.000000 0.872389 0.000000 0.488812 0.539889 0.539889 0.539889
1046.510254 0.000000 482.226379 0.000000 0.286219 0.000000 -0.958164 1.452162 1.452162 1.452162
1036.479370 0.000000 480.594940 0.000000 0.131286 0.000000 -0.991345 1.308749 1.308749 1.308749
1051.699951 0.000000 482.042511 0.000000 0.141627 0.000000 -0.989920 1.527627 1.527627 1.527627
1032.515869 0.000000 479.766724 0.000000 0.890601 0.000000 0.454786 0.612351 0.612351 0.612351
1040.080811 0.000000 487.464233 0.000000 0.690743 0.000000 0.723100 0.638567 0.638567 0.638567
1026.745972 0.000000 485.348907 0.000000 0.166470 0.000000 -0.986046 1.324202 1.324202 1.324202
1031.772095 0.000000 483.541107 0.000000 0.835269 0.000000 -0.549841 0.961621 0.961621 0.961621
1025.392700 0.000000 482.699005 0.000000 0.868919 0.000000 0.494954 0.561115 0.561115 0.561115
1026.496216 0.000000 488.923340 0.000000 0.830443 0.000000 0.557103 0.640679 0.640679 0.640679
1023.812988 0.000000 486.006470 0.000000 0.923176 0.000000 0.384379 0.627432 0.627432 0.627432
1055.339722 0.000000 483.216614 0.000000 0.460688 0.000000 -0.887562 1.207854 1.207854 1.207854
1052.000977 0.000000 483.861694 0.000000 0.338689 0.000000 0.940898 0.215128 0.215128 0.215128
1033.932495 0.000000 481.578766 0.000000 0.725848 0.000000 0.687855 0.565180 0.565180 0.565180
1052.935913 0.000000 480.749756 0.000000 0.627840 0.000000 -0.778343 1.254303 1.254303 1.254303
1043.186035 0.000000 484.193146 0.000000 1.000000 0.000000 0.000074 0.799971 0.799971 0.799971
1049.252319 0.000000 484.848846 0.000000 0.227845 0.000000 0.973697 0.234908 0.234908 0.234908
1027.793823 0.000000 480.432648 0.000000 0.832953 0.000000 -0.553344 1.071701 1.071701 1.071701
1023.764893 0.000000 483.105133 0.000000 0.447154 0.000000 -0.894457 1.290925 1.290925 1.290925
1045.906494 0.000000 479.840271 0.000000 0.547144 0.000000 -0.837039 1.305144 1.305144 1.305144
1026.695923 0.000000 483.710785 0.000000 0.928579 0.000000 -0.371136 0.964793 0.964793 0.964793
1037.263184 0.000000 482.036987 0.000000 0.282996 0.000000 -0.959121 1.143605 1.143605 1.143605
1044.083130 0.000000 482.408020 0.000000 0.997987 0.000000 -0.063415 0.832319 0.832319 0.832319
1042.836060 0.000000 481.020569 0.000000 0.440649 0.000000 0.897679 0.232403 0.232403 0.232403
1025.422974 0.000000 486.294037 0.000000 0.654720 0.000000 0.755871 0.457680 0.457680 0.457680
1048.276489 0.000000 482.639252 0.000000 0.444074 0.000000 0.895990 0.234348 0.234348 0.234348
1024.018433 0.000000 479.838715 0.000000 0.783224 0.000000 0.621739 0.481063 0.481063 0.481063
1041.239624 0.000000 481.616364 0.000000 0.575974 0.000000 -0.817468 1.287397 1.287397 1.287397
1028.362183 0.000000 483.213135 0.000000 0.992533 0.000000 -0.121980 0.845427 0.845427 0.845427
1042.543823 0.000000 486.628723 0.000000 0.041873 0.000000 -0.999123 1.196968 1.196968 1.196968
1060.581543 0.000000 484.885620 0.000000 0.372431 0.000000 0.928060 0.764374 0.764374 0.764374
1057.828857 0.000000 480.390533 0.000000 0.958497 0.000000 0.285102 0.704724 0.704724 0.704724
1057.384888 0.000000 482.699005 0.000000 0.652343 0.000000 -0.757924 1.021606 1.021606 1.021606
1059.786011 0.000000 480.432648 0.000000 0.926938 0.000000 -0.375214 0.886038 0.886038 0.886038
1055.757080 0.000000 483.105133 0.000000 0.996765 0.000000 0.080368 0.769951 0.769951 0.769951
1056.010620 0.000000 479.838715 0.000000 0.522172 0.000000 0.852840 0.438924 0.438924 0.438924
1055.426147 0.000000 539.777954 0.000000 0.921336 0.000000 -0.388768 0.855824 0.855824 0.855824
1055.993164 0.000000 537.301819 0.000000 0.868573 0.000000 -0.495562 0.827959 0.827959 0.827959
1064.781738 0.000000 537.965515 0.000000 0.978245 0.000000 0.207451 0.709016 0.709016 0.709016
1058.368652 0.000000 530.760803 0.000000 0.303383 0.000000 -0.952869 0.921038 0.921038 0.921038
1066.773193 0.000000 534.055481 0.000000 0.886608 0.000000 -0.462521 1.009355 1.009355 1.009355
1058.533081 0.000000 543.709229 0.000000 0.728254 0.000000 -0.685307 1.094054 1.094054 1.094054
1072.956299 0.000000 537.740845 0.000000 0.781817 0.000000 -0.623508 0.902188 0.902188 0.902188
1068.866943 0.000000 534.936646 0.000000 0.800445 0.000000 -0.599407 1.022088 1.022088 1.022088
1065.627808 0.000000 535.912720 0.000000 0.643870 0.000000 0.765135 0.418919 0.418919 0.418919
1068.340454 0.000000 541.783142 0.000000 0.941298 0.000000 0.337576 0.674145 0.674145 0.674145
1065.515259 0.000000 528.808594 0.000000 0.980437 0.000000 -0.196833 0.838383 0.838383 0.838383
1066.626099 0.000000 538.916260 0.000000 0.954603 0.000000 -0.297882 0.932301 0.932301 0.932301
1067.245239 0.000000 532.014099 0.000000 0.805459 0.000000 -0.592651 1.044520 1.044520 1.044520
1064.429565 0.000000 540.401062 0.000000 0.967706 0.000000 0.252082 0.693119 0.693119 0.693119
1066.982422 0.000000 543.096191 0.000000 0.960418 0.000000 -0.278561 0.923475 0.923475 0.923475
1070.097290 0.000000 541.089294 0.000000 0.797089 0.000000 0.603862 0.625190 0.625190 0.625190
1065.117188 0.000000 532.923645 0.000000 0.877570 0.000000 0.479449 0.606257 0.606257 0.606257
1061.541992 0.000000 532.534790 0.000000 0.799957 0.000000 0.600058 0.652183 0.652183 0.652183
1063.632446 0.000000 530.194031 0.000000 0.584314 0.000000 0.811528 0.563636 0.563636 0.563636
1061.995728 0.000000 538.188110 0.000000 0.947354 0.000000 -0.320187 0.876812 0.876812 0.876812
1062.554077 0.000000 541.750732 0.000000 0.945822 0.000000 0.324686 0.691687 0.691687 0.691687
1057.487061 0.000000 542.391418 0.000000 0.453539 0.000000 -0.891236 1.195476 1.195476 1.195476
1060.194946 0.000000 541.066162 0.000000 0.046303 0.000000 0.998927 0.388960 0.388960 0.388960
1071.843506 0.000000 543.615051 0.000000 0.570368 0.000000 -0.821389 1.071428 1.071428 1.071428
1069.213257 0.000000 536.494324 0.000000 0.097755 0.000000 0.995211 0.285202 0.285202 0.285202
1059.368652 0.000000 542.390869 0.000000 0.190224 0.000000 -0.981741 1.337226 1.337226 1.337226
1063.470825 0.000000 538.802551 0.000000 0.951206 0.000000 0.308557 0.694750 0.694750 0.694750
1054.637573 0.000000 551.966003 0.000000 0.966553 0.000000 -0.256468 0.844549 0.844549 0.844549
1055.339722 0.000000 547.185364 0.000000 0.277721 0.000000 -0.960662 1.165677 1.165677 1.165677
1059.825562 0.000000 558.392090 0.000000 0.509271 0.000000 -0.860606 0.816560 0.816560 0.816560
1077.233398 0.000000 547.705139 0.000000 0.501194 0.000000 0.865335 0.777024 0.777024 0.777024
1076.511719 0.000000 551.937134 0.000000 0.349491 0.000000 -0.936940 0.855756 0.855756 0.855756
1067.106445 0.000000 550.891113 0.000000 0.988341 0.000000 0.152260 0.733142 0.733142 0.733142
1059.138306 0.000000 546.075867 0.000000 0.995204 0.000000 0.097823 0.760079 0.760079 0.760079
1074.454834 0.000000 546.604126 0.000000 0.639422 0.000000 -0.768856 0.882329 0.882329 0.882329
1067.483276 0.000000 546.383606 0.000000 0.838152 0.000000 -0.545437 1.052338 1.052338 1.052338
1063.113159 0.000000 549.314087 0.000000 0.664499 0.000000 0.747289 0.430850 0.430850 0.430850
1061.327637 0.000000 556.265869 0.000000 0.877610 0.000000 0.479375 0.729106 0.729106 0.729106
1061.795288 0.000000 546.535217 0.000000 0.602974 0.000000 0.797761 0.396034 0.396034 0.396034
1068.835083 0.000000 557.649719 0.000000 0.954881 0.000000 -0.296990 0.899973 0.899973 0.899973
1070.526978 0.000000 555.546997 0.000000 0.999951 0.000000 -0.009853 0.803483 0.803483 0.803483
1074.984497 0.000000 554.067444 0.000000 0.680385 0.000000 -0.732855 0.933062 0.933062 0.933062
1067.887207 0.000000 548.693481 0.000000 0.694627 0.000000 -0.719370 1.151182 1.151182 1.151182
1071.280518 0.000000 549.437683 0.000000 0.006793 0.000000 0.999977 0.309581 0.309581 0.309581
1068.385132 0.000000 552.707153 0.000000 0.122649 0.000000 0.992450 0.166723 0.166723 0.166723
1064.930420 0.000000 550.385437 0.000000 0.773062 0.000000 0.634330 0.499447 0.499447 0.499447
1070.554932 0.000000 553.437866 0.000000 0.999998 0.000000 -0.001809 0.800657 0.800657 0.800657
1057.828857 0.000000 544.359253 0.000000 0.992924 0.000000 -0.118753 0.847548 0.847548 0.847548
1065.215576 0.000000 558.651184 0.000000 0.433759 0.000000 0.901029 0.589330 0.589330 0.589330
1068.471558 0.000000 544.563660 0.000000 0.998017 0.000000 -0.062937 0.823270 0.823270 0.823270
1064.508057 0.000000 543.735474 0.000000 0.228717 0.000000 -0.973493 1.345980 1.345980 1.345980
1072.072998 0.000000 551.432983 0.000000 0.948870 0.000000 0.315668 0.724952 0.724952 0.724952
1058.738159 0.000000 549.317688 0.000000 0.451245 0.000000 0.892400 0.366161 0.366161 0.366161
1063.764282 0.000000 547.509827 0.000000 0.498167 0.000000 -0.867081 1.214954 1.214954 1.214954
1066.132935 0.000000 552.652710 0.000000 0.838993 0.000000 -0.544143 1.051663 1.051663 1.051663
1057.384888 0.000000 546.667725 0.000000 0.823729 0.000000 0.566984 0.579665 0.579665 0.579665
1058.488403 0.000000 552.892090 0.000000 0.503004 0.000000 -0.864284 1.052233 1.052233 1.052233
1055.805176 0.000000 549.975220 0.000000 0.961368 0.000000 -0.275267 0.862937 0.862937 0.862937
1069.406616 0.000000 549.677795 0.000000 0.833234 0.000000 0.552921 0.562467 0.562467 0.562467
1064.047485 0.000000 555.240540 0.000000 0.437206 0.000000 0.899362 0.429235 0.429235 0.429235
1065.924683 0.000000 545.547546 0.000000 0.959560 0.000000 -0.281503 0.913416 0.913416 0.913416
1059.786011 0.000000 544.401428 0.000000 0.986202 0.000000 -0.165545 0.872744 0.872744 0.872744
1055.757080 0.000000 547.073914 0.000000 0.852916 0.000000 0.522049 0.644228 0.644228 0.644228
1058.688110 0.000000 547.679565 0.000000 0.809510 0.000000 -0.587105 1.055658 1.055658 1.055658
1069.255371 0.000000 546.005737 0.000000 0.955374 0.000000 0.295397 0.683810 0.683810 0.683810
1063.321289 0.000000 551.045898 0.000000 0.999947 0.000000 -0.010322 0.804515 0.804515 0.804515
1057.415161 0.000000 550.262756 0.000000 0.995272 0.000000 -0.097131 0.824676 0.824676 0.824676
1056.010620 0.000000 543.807495 0.000000 0.212548 0.000000 -0.977150 1.287707 1.287707 1.287707
1060.354370 0.000000 547.181885 0.000000 0.992315 0.000000 -0.123739 0.854262 0.854262 0.854262
1060.317505 0.000000 552.330078 0.000000 0.279171 0.000000 -0.960241 1.190970 1.190970 1.190970
"}
